-0.11641456616714524,0.07088409281664153,0.5855164675515124
0.47482078393160876,-0.09299987921948964,0.0639789920234875
0.48066923186059934,-0.09798597481494034,0.05756050077140812
0.4718112134129075,-0.08596407580259353,0.06780501293330632
0.4742365478527858,-0.08959125561121797,0.06659810166985658
0.47142825965119833,-0.08276318135634449,0.06884640788172211
0.4740311170296412,-0.0828766061069893,0.06838666531602045
0.4694079374204642,-0.08511432823616107,0.07383303790827608
0.47583462569113655,-0.08461755165826418,0.07225483993556309
0.48260080303840847,-0.08540823641790574,0.06561327300147723
0.4679903674757444,-0.08248110898384393,0.07568758939867704
0.47478862534386707,-0.08458973480577409,0.07256141814441402
0.4780469801741072,-0.08477477644946924,0.07188783761868833
0.47257378821878576,-0.08262905238554469,0.07680773468360833
0.483054628621409,-0.08381881962134914,0.06696474237223082
0.4705242038510584,-0.07998585929280985,0.0815556142818048
0.4773561527702054,-0.08061523020562386,0.07752688009648609
0.47853224962956653,-0.07674334452064388,0.07616608875064024
0.4785442615587576,-0.0736578782412286,0.06739491856283134
0.4679824255115106,-0.08113929973723295,0.07589125452412979
0.47888291203844735,-0.08345196632463159,0.06460400969908603
0.4822228130337422,-0.08469264291915991,0.06278265027320379
0.47790247814155135,-0.08472825463899382,0.06820966573496165
0.4697896714547869,-0.08179311651849208,0.07612481971188848
0.4757179689944492,-0.08410016972281464,0.07089736770099492
0.48052849190082403,-0.08564842686094218,0.06749978516764538
0.4644901207898041,-0.08338597119654526,0.07862269710812222
0.47334393156667975,-0.08448706851712948,0.07166074738846154
0.4787949375493151,-0.08816275401444448,0.06793298618572335
0.4760876369142684,-0.08677310052452565,0.0740759417668061
-0.11489735023451098,0.04673809554873358,0.5706218727011434
0.480513684922966,-0.0862072222118534,0.06994110076220597
0.480377320592389,-0.08642081061232881,0.06840937992231375
0.47758171913257236,-0.08787859948797937,0.07072929334410621
0.47259224484839985,-0.0862093053443841,0.07512286378058725
0.47348977388505775,-0.08685039932361482,0.07497336821902681
0.48200641889504475,-0.08903639686880838,0.06872956340200426
0.4812541892960245,-0.08700415115608656,0.06833172277027719
0.4783374136230626,-0.0875006634670604,0.07168569547327108
0.4773041814484832,-0.08714367096022002,0.07371238327467722
0.4777305473396377,-0.08640774446400173,0.07425223397205111
0.4792702312290169,-0.08752566998663275,0.07157986392725971
0.4775103220949767,-0.08678621152704033,0.06084475264960476
0.4746240243700569,-0.08655145490690266,0.06718507121109679
0.4700399058639531,-0.08538448615822786,0.07082346457058819
0.4754100605619572,-0.08640808590760957,0.0642751698048799
0.4769935927679901,-0.08701857827225658,0.06648613457701763
0.4761015927757618,-0.08712135533671936,0.06683692161316612
0.47094605639580567,-0.08590194582992126,0.07104462034610898
0.4827936398799899,-0.08880595069221506,0.06065389675857796
0.47476472022070604,-0.08823249029100505,0.0697627334741106
0.47166115085234095,-0.08675972323785815,0.07108347108922575
0.47182444057288975,-0.08763522414929481,0.06994927758298064
0.47002187180392707,-0.08710541079482204,0.07162507369666385
0.4779412219407526,-0.0889081667428124,0.06645473487058662
0.46409466532649224,-0.08566272663820887,0.07799582737366675
0.47377224440034604,-0.08844459887389243,0.06908633737440398
0.4761743506322144,-0.08732890496130041,0.06559250498381819
0.4733183836791176,-0.08739344932308754,0.07032486210967626
0.47379303800172046,-0.08791075105368498,0.06866057009031051
0.4697467463701077,-0.08686289705969193,0.0713252421824995
0.4664918793652461,-0.08685416207356524,0.07297141259509457
0.4710987740396265,-0.08956262999144618,0.06700213092763718
0.4662027319379095,-0.08821415755912884,0.07101316875266775
0.47235388515343896,-0.09493928836142636,0.06625166124992415
0.47503040755568865,-0.08836775695152876,0.06291214642264359
0.4707026099176199,-0.09552943868729419,0.06906240106656433
0.4646084490726212,-0.08696386608177151,0.0749315854077266
0.47653364532096304,-0.09054064081619512,0.06268636757408791
0.4676623462267807,-0.07962359691520166,0.07411025450361827
0.4734290580473523,-0.08152296870961412,0.06967871135710108
0.46664692300521016,-0.07794887098584316,0.07103751941395992
0.4765157884805368,-0.0842567563152709,0.061677596892650566
0.46029986501846915,-0.08095897453267754,0.07482402748090994
0.4755233342245407,-0.08361383236874215,0.06542197240004011
0.46790511431555326,-0.08494656390009442,0.07302380661879376
0.47599766892760764,-0.08485583311929157,0.0691346421931189
0.48031157580791134,-0.08625623754708076,0.06442856474427966
0.4772301706114279,-0.08665230052428463,0.069071635686272
-0.11487329720338352,0.035690882491766204,0.5733702017661549
0.4799701095562942,-0.08187720616682251,0.06381267074264185
0.471414846442482,-0.07581202069582889,0.07754520092548611
0.4701273106537485,-0.074467153788568,0.07904160870913712
0.4762079954764387,-0.077268981723518,0.07336177038049807
0.47537385064170024,-0.07381161797879085,0.0739332663818644
0.4771370506040805,-0.07977934942793564,0.07316505676659282
0.47888474437574846,-0.07975552714901382,0.07064328693365735
0.4830859317465608,-0.07717379425255469,0.06804623492800416
0.48375548277977287,-0.08315201594823393,0.07050693052721493
0.46813832066903466,-0.0775360309986782,0.08437399375667493
-0.11955348564022611,0.04435121036940201,0.5721038993689453
0.4764055404698272,-0.07839798112644322,0.06626948433433
0.4819364186851549,-0.07820348748249019,0.06300709416833133
0.47732717704655825,-0.07678627029450921,0.06791258166498063
0.4782056966196008,-0.07606942127773737,0.0669011426683806
0.4755678573285453,-0.08509805690753172,0.06955675904017428
0.473803624038603,-0.08608031448038225,0.07064205441859644
0.4732549815843858,-0.08612654501394024,0.07015803633591391
0.47733001305525724,-0.09086960292693186,0.06380374534309757
0.46555877252964545,-0.09039226868268405,0.0731235790250013
0.4742586803006936,-0.09480593787544295,0.06322537254075722
0.47736672179926415,-0.0953608965182291,0.060750220410551836
0.47002052709857456,-0.09080025100300498,0.06846115010381276
0.47154452238397637,-0.09081789027453216,0.06990181853732877
0.4827995487207026,-0.08640738708349836,0.06595554879113785
0.4707050612014355,-0.08568689131381313,0.0749437020730285
0.47734320402404584,-0.08547634238136625,0.06995378808744873
0.4805282666375305,-0.08683234791505098,0.0675804359919005
0.4753147277084261,-0.08517178505659712,0.0726567108599625
0.4773080457542035,-0.08170204120552683,0.07301364083923279
0.4773727873835387,-0.07918542984551816,0.07474429193828674
0.48212571347193034,-0.07946428969157308,0.07257657140802495
0.47738561201751684,-0.08204754999201005,0.06517967525102064
0.4718625461918907,-0.07941761321507226,0.0699673533306279
0.4789080072389768,-0.08224364694126107,0.06273483987938283
0.4775673861619103,-0.08695643108091924,0.06586035382002747
0.4742651753356159,-0.0870323996448653,0.06715061358478486
0.47303086922785187,-0.0922631218091015,0.0644153789239395
0.47819012419896745,-0.09383870430263104,0.061427333222500546
0.4797939791726133,-0.08513530109973308,0.0617020000574926
0.4677831470974436,-0.08336392014223035,0.07109437905203497
0.4774322087442602,-0.08174108148539863,0.06596294931493929
0.4809582684563301,-0.08439412200215335,0.06562701096076906
0.47762201948353805,-0.08761903451825334,0.06781238927388786
0.46601248171280596,-0.0843898340985706,0.07781141159048813
0.47378066419606285,-0.084550591998542,0.06886874503032256
0.470654357143565,-0.08018514677627589,0.07183270817155829
0.471861472104937,-0.07886201322362103,0.07223351139048925
0.4759217524966404,-0.07883947225694603,0.07070715582464246
0.47282422773881483,-0.08127189402338537,0.07673390294866078
0.4677553729175825,-0.0809890140644419,0.0826505936311083
0.48537971048323625,-0.08963284936306776,0.06727085050857567
0.484164533489245,-0.09068039629216401,0.0635529721328511
0.4623504999234736,-0.08918458893235681,0.07433851743815256
0.47162408004651457,-0.09210145171896597,0.06931728653273267
0.48458697847860455,-0.08281752700388899,0.058385757019963846
0.4813421746623203,-0.08925789265801465,0.06320297879877956
0.47188428416743333,-0.09168804481626439,0.07156761212223248
0.4700283698061164,-0.09117224485430674,0.07088205472917525
0.4672185308065458,-0.08359111137289671,0.07309191387398373
0.46790925841487363,-0.08230023947470345,0.07289227072402188
0.4711460839559132,-0.08207554973361453,0.07025832623710929
0.4721174095531444,-0.08177430387525542,0.06896143810239325
0.4718763436356801,-0.07700163965939819,0.06981733177114058
0.47646784580328333,-0.07836827380196758,0.07255484574189627
0.4721703305369706,-0.07322207634813954,0.07463053686463081
0.4769253848049789,-0.08225417194312448,0.06788150198395174
0.47127783470659934,-0.08198121269788247,0.07084917594897477
0.4717629956017364,-0.08109058922326501,0.07244510254662245
0.47294094685349153,-0.08012439365671875,0.0702319274229597
0.47828562133723174,-0.0819063010910413,0.0715235984300299
0.47741317052963894,-0.0866692827783943,0.07186579990106931
0.4746801381344884,-0.08595186648061676,0.07452428610763798
0.48301183874702736,-0.08953143797808956,0.06872979073953489
0.46826314559163135,-0.08921809405356695,0.08134329869581203
0.47152992715575565,-0.0889590602349341,0.06689979738648882
0.47589967093984265,-0.0961771638724252,0.0661018090946433
0.4703126008667257,-0.0865480329902092,0.07214778143021064
0.46501144902428715,-0.08849231368380435,0.0735686483060822
0.47255763682736784,-0.08231685619256651,0.06745543921923802
0.47233882826958573,-0.08646614185072296,0.06784870947065422
0.4739686841326824,-0.08523614565298097,0.06418043204565449
0.46657829558754227,-0.08387833187368227,0.07109061990859114
-0.11261544892241473,0.039181579069566014,0.5710455111190156
0.47256952451222045,-0.08106783238253766,0.07308391427358488
0.477640244170114,-0.07913578824086248,0.0632021657395842
0.467009804955664,-0.07680052820452166,0.07292427429031337
0.47415662552141935,-0.07567624142233863,0.0649834349597257
0.4805970428041393,-0.07529186442552985,0.05968621749781561
0.4763941938953785,-0.08535395683621749,0.06601185118758637
0.4728854306458102,-0.08329369219469884,0.07272945666246708
0.47251259951495855,-0.08310240400658922,0.07092235273412792
0.4683408123876516,-0.08184946717521177,0.07739062411762293
0.472499376039568,-0.0807635671724474,0.07384713209312319
0.4784604052749486,-0.08029050029591284,0.06713030027078482
0.47119094333711975,-0.0799382145812127,0.07527240123503323
0.47442931074304406,-0.08304497504977174,0.07499958124988682
0.4760958711307537,-0.08471953136729236,0.07309184959892101
0.48083206574973136,-0.08539956628502066,0.06736184661774838
0.4692051706311873,-0.08564925316940435,0.08047474724573966
0.46739766972254804,-0.08494612956069186,0.08108675845819888
0.47512864657708465,-0.08578174271933706,0.06560691803809021
0.4755038399799518,-0.08467215133012922,0.06440742333959826
0.47564288585495795,-0.08697231976462359,0.06203866803808844
0.4804551213466882,-0.09031692395076572,0.06154966465302791
0.4712685510728698,-0.08792695736110887,0.07280126461021771
0.4752189622425793,-0.093785707754347,0.07217940462390038
0.46378077317486444,-0.09098351647858122,0.0817858650989555
0.48023216769891575,-0.08885098389278377,0.06640949060822857
0.4709591538110335,-0.08376489889272228,0.07439704653872625
0.47749393060373846,-0.08507564859837571,0.068058774072763
0.4664924270032589,-0.0837930714253405,0.07644774293996517
0.4693754221277082,-0.08321535495702592,0.07486479370438318
0.4646655739681435,-0.08200640619716967,0.08017997532635546
0.470145377955019,-0.07957971691228409,0.07331460894164799
0.47607531711899775,-0.0759672366418743,0.06980264155168733
0.4668591147332193,-0.0704070726964609,0.07940229288615028
0.48294290787273036,-0.07754941301703172,0.06800450906847844
0.48527351536207675,-0.08046175737462702,0.06488552463510461
0.47165913519220337,-0.07949042624344795,0.0770173258381682
0.47222149445339323,-0.07898557649348792,0.07834352252159088
0.47328918884328985,-0.07872801787173717,0.0796335541297819
0.46937242775405014,-0.08014092722158628,0.07337193546605991
0.4842920252502516,-0.08419232475488665,0.06264921493991876
0.4805133561205258,-0.08427847555255959,0.06348344397336941
0.4745215585221908,-0.08736942645541802,0.07032633916867187
0.47292562244213976,-0.08649204495651694,0.06979960918401859
0.46878215522293154,-0.08453534044676957,0.07448046448046819
0.47925399721576695,-0.08806868040408035,0.06809753541902033
0.4749014983561374,-0.08636001778838048,0.06906069921882554
0.4723681274893431,-0.08707774985199049,0.07119145887494105
0.4789109798142702,-0.0926076897888342,0.06451917931760781
0.4782959606163544,-0.09509271118901963,0.0640896042564244
0.4817835057369503,-0.08646653591932031,0.06091715745970738
0.46591676464961645,-0.08536818649870018,0.0727326449596791
0.4748903484261822,-0.08563623423443201,0.06413773488194391
0.47052154025107557,-0.08394311324030677,0.06566824750993744
0.4686281481590471,-0.08167063789712184,0.06769371486461034
0.4661296879911102,-0.0829041991002926,0.07408634578476395
0.47370659508132473,-0.08378642150618866,0.07131537057644813
0.4730391453366653,-0.08059606495767743,0.07089622298350665
0.4792049344335845,-0.07851595092772656,0.06407059027933532
0.47780012584331083,-0.08528540869765938,0.06621787004654894
0.47772647008924796,-0.07479130278539738,0.07114120518456607
0.48037741042568205,-0.07779845571900823,0.06810506582422027
0.48526405058435546,-0.0789022315495338,0.06645882806383524
0.4808378136356932,-0.07853737073362252,0.07646062137724136
0.4880248412511727,-0.08777294748200483,0.06185376899081163
0.47727102663859056,-0.08823080530784477,0.06838480024760066
0.4796753974632316,-0.08948405909641391,0.06719895656555186
0.4791789467300397,-0.09362241024965676,0.07057645974430402
0.4720735386728781,-0.09104977957720078,0.07689222885370914
0.48131084932168255,-0.09376175448744302,0.06906659880796662
0.4744679046027906,-0.08551234027348034,0.07381374195509355
0.4757846020374243,-0.08817951629679933,0.07103482703900316
0.47670892014799643,-0.08842737495609168,0.07031048585496247
0.4717440060645641,-0.09204076634219627,0.07116210367614151
0.4841643779293795,-0.08991103924881089,0.05707703751542498
0.4805986326826248,-0.09090974528104048,0.0610381248242457
0.4775786392683698,-0.0852975576300829,0.060326282996281455
0.47681974465447946,-0.08038610894989406,0.06460763798799068
0.476316329267413,-0.08115720058502418,0.06495898379762405
0.47666798133766586,-0.07936302593969934,0.06616984815302146
-0.1050348645812271,0.03581043614157775,0.5657496965282918
0.46855209690858535,-0.08299638184354746,0.07717583228447095
0.47469790473965634,-0.07764167375092978,0.07532477688316785
0.47403082138388725,-0.07708469037219093,0.07681179642556832
0.47638693892884043,-0.07902793765856261,0.07578977070528181
0.47329683166436254,-0.07828560342455555,0.07788034480258924
0.47861666679232534,-0.0813030905423788,0.07589148652408792
0.48732191461799446,-0.0825085509032446,0.05983968379610394
0.4765073144252903,-0.08129578684684771,0.06618379924926632
0.47211869003751583,-0.08545465890489315,0.06834944124040457
0.4757110568535128,-0.0874071010363381,0.06479902917844388
0.46969970949939754,-0.09138240924443641,0.07223308608715015
0.4726567960010578,-0.09304711467612137,0.072307975434658
0.4691660540060696,-0.08756661164020288,0.07399472275035782
0.47928117935123904,-0.09007288883188543,0.06472370153227819
0.4769970670793027,-0.08085274176823706,0.0644015821645808
0.4789874107698597,-0.08023137509079775,0.06422103333857854
0.4791901759980982,-0.08072830187301967,0.06429100266349214
0.46974132252779854,-0.07928553206075283,0.0715105235109127
0.4695694883039315,-0.08164338812489388,0.06881300390563846
0.46951026819937036,-0.08306031475832955,0.06804443796819781
0.47903323964527705,-0.08523769052587343,0.06466786669201302
0.46115420846131205,-0.07747980963195363,0.07796144898130941
0.4690005348447988,-0.07870364693989036,0.07185403401088652
0.4677010216052746,-0.07805812919008835,0.07404327904199356
0.48321383415550806,-0.077603369908522,0.0653207486605677
0.47877266383332306,-0.07799898007044638,0.0702614700237641
0.4801007242250327,-0.07860259271637052,0.0721089399658224
0.4805024503344726,-0.08104883326191198,0.07384120151365542
0.48525056201538713,-0.08269328114489964,0.07300660438648093
0.47949574938265616,-0.08283340912953632,0.07183827169923629
0.4772837833227009,-0.08311660967124627,0.06803994703761732
0.4792515900301034,-0.08399075573425127,0.06852804088880174
0.47535998385790096,-0.0845678392984125,0.0740476472930903
0.4712855701067531,-0.08748793506329419,0.07733833283325808
0.4802168494781567,-0.08870924114086641,0.07019647784809371
0.46879316198305687,-0.08861509051392696,0.07056124334757238
0.46022347465545954,-0.09291724187618675,0.07538025337712728
0.4729004426585106,-0.08663299054773593,0.06581894346160089
0.47318257619663745,-0.08518915649435455,0.06847605993107403
0.47590258619727066,-0.08707131094048357,0.06772800181422284
0.4720120048060607,-0.0869197077595325,0.07275302622281773
0.4729749094172344,-0.08628974062634936,0.06823053479439853
0.47370064366720976,-0.0870238508091461,0.06681780737978726
0.47428985822572317,-0.08756951053610641,0.06256961350049617
0.4686109995165215,-0.0871153231677452,0.07033492471472808
0.4751808592198078,-0.08435869271939123,0.0663070923700094
0.47439426632914294,-0.08367223898968164,0.07060154141247293
0.47602005549016035,-0.08169889985279283,0.07074961515535952
0.46210986099644014,-0.0718246940027388,0.0818567632174747
0.4677690035688764,-0.07375325821381917,0.07552088062476447
0.479027843340396,-0.08255680756128167,0.07072001102708211
0.4758246685629152,-0.08007720729569863,0.07297114828594159
0.4800493746937634,-0.08216915312369649,0.0706868770612997
0.4768948424689901,-0.08291384298358281,0.07572861344844456
0.47972143352564556,-0.08513553265472584,0.07370438719118727
0.4728470294826845,-0.08329318292093538,0.07170049909083953
0.48235311332634595,-0.08421031924631173,0.06456071709921041
-0.11103007047928332,0.04716171645176665,0.5736794646648637
0.4729776924069486,-0.0853954904916761,0.07579709647083621
0.4832430158516505,-0.09114603238039386,0.06837793718954979
0.4644814823707811,-0.08694699129291558,0.0708631720712338
0.4751633605795247,-0.08640088362100076,0.06853036222475384
0.47905485197738606,-0.08779579974216836,0.06490460587153035
0.473360786116387,-0.08320090985998116,0.07161883522213744
0.46688643351339454,-0.08491513975653515,0.0721204645415566
0.47682713877397453,-0.08481226435342537,0.06374873269044762
0.4725180551800041,-0.08806835086746595,0.06390512563573181
0.47502972101455776,-0.08890556484114003,0.0651402526092788
0.4741424074264432,-0.08140639477485558,0.06868865853227002
0.48239679725653023,-0.08082998200214431,0.06399324862828293
0.47214678873028937,-0.07857433913842127,0.07226958409169218
0.4764975884341598,-0.0786565826125537,0.06053330683705266
0.47490055174408374,-0.07634997828576189,0.062195038725606167
0.4695700974433785,-0.07835449050399873,0.0697258713351232
0.4758645627153128,-0.07667910467083901,0.06481006658447791
-0.11587107306813035,0.03390587717151473,0.5719456006362997
0.4810364106814763,-0.07158320311919292,0.068681510617985
0.47696565664621826,-0.0783095778796286,0.07237666022701797
-0.11984431284120681,0.044019232184206676,0.5729784768725151
0.4745267297834617,-0.08053557959108411,0.07472581929394373
0.4819068785601329,-0.08095639465350431,0.06833102119984244
0.47944115166576395,-0.0835505266020877,0.07087337354344489
0.47721678871296497,-0.08650536098197137,0.07216685224081507
0.47931331324398835,-0.08998275427727327,0.07236448550516855
0.4784937033253866,-0.08934118760207886,0.07154056716470672
0.47991549232300346,-0.09524635865234027,0.06909379147927311
0.46851069430008085,-0.09581223449520279,0.07821846074792382
0.4755548672440038,-0.08837524028238361,0.07432940805097807
0.47042413508572434,-0.09156474302654664,0.07879471551626044
0.47451321163491267,-0.08753167035558879,0.07538444391238136
0.47217151759106135,-0.08932478607906039,0.07768214729927986
0.4694319316323212,-0.08736767237119994,0.07086209481643149
0.4683057496953108,-0.08649791633267359,0.0712920937902099
0.4735299854770033,-0.08382021352157801,0.06541091295557189
0.47483924293487934,-0.08289608150052068,0.06623358049496464
0.47072523779426956,-0.0839585568858413,0.07486648872715881
0.4794876386445962,-0.08118236179421243,0.07097964120314545
0.474451671841334,-0.07540845139732574,0.07424133024607196
0.47448644744930313,-0.07326221274337621,0.07720208853881999
0.47854122465556426,-0.0798689667348026,0.07188782066393717
0.47606722038121274,-0.07943797351100454,0.0709097350477483
0.4738657409725904,-0.08105675991632717,0.07383287750478895
0.474116378735626,-0.08159983180127721,0.0745184215559205
0.4745889296860968,-0.08130559945514505,0.07537383330590791
0.4803727926072769,-0.08341268744428643,0.07069066312634534
0.47800866153256344,-0.08265845108614273,0.07436775992255529
0.4763212087261742,-0.08152217253980754,0.07575587634696865
0.477063932144972,-0.0834001916310745,0.07701715961927441
0.47773344362757647,-0.08327946003352726,0.07536676529562342
0.47673510653483814,-0.08575551402548202,0.07537679658319393
0.47515220487371834,-0.09058649727358692,0.0768321995946464
-0.11053786142374533,0.05237114759648707,0.5773948832747656
0.47870382329411204,-0.09455585901518895,0.06353668193475659
0.4817632969929296,-0.08499996404468935,0.061960697134187614
0.4749798606664567,-0.08926038083848753,0.06429469046823877
0.4777351822228497,-0.08957339007493163,0.06747715256985215
0.4745429584443619,-0.09089067919799988,0.06793940298134227
0.48224257083707556,-0.08301406279811255,0.062319239617135924
0.477742266187164,-0.07951628368678379,0.06624007949796873
0.46850954454034177,-0.07552976939114728,0.07169935810596725
0.4732901379279014,-0.07303572469382506,0.06894253677995699
0.48064459727451037,-0.07544969905023295,0.06591216367050395
0.47642513489047666,-0.07545967417730068,0.06743015365898256
0.47913668172370827,-0.08490710511355884,0.06492640923161141
0.4736584840565153,-0.07630390429492673,0.07080965567788522
0.4742639049705982,-0.07879360280500788,0.06830718021916474
0.47663820883785446,-0.07749697309392295,0.06650238806922776
0.4786449489737996,-0.0788068261283995,0.06764405723383654
0.4799347429671508,-0.08674768336340069,0.0638273426064293
0.4733284641306008,-0.08377503347765793,0.06803440066424368
0.47651475940553034,-0.08755333565219262,0.06732521714091474
0.47818105011366163,-0.08932670272348622,0.0636347442878476
0.4695508966034647,-0.08991068545035558,0.07095203901648886
0.47790123144599783,-0.08922497492198986,0.0639649620435952
0.4750397117953957,-0.08504411541821404,0.06855704090047396
0.47298641531079677,-0.08969420273994767,0.0682084782474307
0.4752099198049754,-0.09199202207877177,0.06639384694670503
0.4806672427703743,-0.08983459922899925,0.06152982474950369
0.4771475719357565,-0.09011171545577111,0.06386516966960298
0.4696404750190436,-0.08883132308571398,0.07254876339008606
0.47582734991116815,-0.08176650913480696,0.06757412986534825
-0.11438343141803262,0.0384126151869051,0.5767783206552253
0.47238464152938187,-0.0773518085895464,0.06911084508645865
0.4663925068498567,-0.07394578275427906,0.07363911191628492
0.4664366341350834,-0.07476619073617416,0.07491615009265709
0.4767559129068207,-0.08094158876403469,0.06763706331412186
0.4720028032840362,-0.08260313297135348,0.06981793551185805
0.4687170647996657,-0.08240031171959193,0.07250165857008709
0.4711595048865509,-0.08259178579923623,0.07154236503875441
0.47841295722083144,-0.08390498747947311,0.06500802157374003
0.47422838424726865,-0.0819059395950965,0.0679607882197476
0.47723000664753035,-0.0827597026763368,0.06665919327216374
0.47409692083926247,-0.08193751400601311,0.06973054395023695
0.4767163035131047,-0.08322242541310076,0.06605149847607195
0.4750285305762185,-0.08436394575772219,0.06565141460531182
0.47818156918648647,-0.08481361602811323,0.06292749266417946
0.4737236996866683,-0.0840605548222764,0.06656415772465962
0.47968645240224106,-0.0852491727041776,0.06284558637960702
0.4714047047670157,-0.08450242557307905,0.07072301334315084
0.4718546265527684,-0.08523739358312507,0.06825634105609502
0.4725754251323241,-0.0854411695338701,0.06722461368240809
0.4696975695880943,-0.08543693222404647,0.07045890268287086
0.4724766862523524,-0.08449961634939528,0.07034760310919375
0.4728635915003331,-0.0855896435425319,0.07123041935207869
0.47863149127129023,-0.08587946430375704,0.06596715118342394
0.46865051436232397,-0.08430738411998255,0.07237270049477787
0.4796665612011828,-0.08545834989495739,0.06323176993991919
0.4743176329002786,-0.08550568542826857,0.065901944039847
0.47113253707375685,-0.0853063773066772,0.06985786056893978
0.4758068677926894,-0.08628285367028504,0.06440772312376669
0.4718868521840509,-0.08666454938129578,0.06799211528183699
0.4677241226554605,-0.08505610863106669,0.07035269123484375
0.4691405235804727,-0.0836851603934548,0.07092751895556973
-0.10741540827757717,0.04481236808330281,0.5739948132204356
0.4776155810137839,-0.08955222875672612,0.06130744514469694
0.47613140876193816,-0.08820142317932765,0.06494055460160686
0.4753974788765857,-0.086850579076727,0.0682417872646332
0.47796472153958863,-0.08286032490682185,0.07310211587108281
0.47695963513398976,-0.08354950752303897,0.07141984162854179
0.47423312940311246,-0.0870040319941472,0.06769776496730806
0.47162203531168034,-0.08850442038809744,0.07250326400117915
0.4787678522017521,-0.08523342790371902,0.07255407459069738
0.4786737496579184,-0.08383340208322569,0.07453902188091804
0.4769526481000086,-0.08453304519906632,0.07482782118504586
0.4777353220673537,-0.08350564363761007,0.07252654282552418
0.47776481924616565,-0.08418667386250028,0.0733800699674941
0.47066459493542545,-0.08299130229218588,0.08125829395351986
0.47767882151552266,-0.08306377770655358,0.06473394432264684
0.4652096907059425,-0.08053518826476544,0.07140057901702701
0.4772411525717699,-0.08339366885075389,0.06371318456717834
0.47747753640724905,-0.08361577262208944,0.0662338845380952
0.4757594934601782,-0.08424239632896982,0.06880866069880023
0.47846599374198034,-0.08410182614997913,0.06714372381399042
0.47443722354727685,-0.08184269845645037,0.06908638320840549
0.4621656621041314,-0.08142841061537756,0.07896520247266112
0.4740839292280019,-0.08632031559973077,0.06773814787123228
0.47271849150755674,-0.08610700180592198,0.06953074784658658
0.46402197704125725,-0.083222136480409,0.07590899675142782
0.47873180742029514,-0.08480616607520441,0.0657810377085753
0.47350398680042366,-0.08231730662157265,0.071873418061847
0.47121886369627397,-0.08219918273844448,0.07324620916594396
0.47167928024421096,-0.08204179779198031,0.07077325899324752
0.47755646419956965,-0.0829061405233657,0.06621390596092713
0.4764445398329021,-0.08339038060942155,0.06687785219423681
0.4686961233128557,-0.08129359106682715,0.07270508239120713
0.4699029265544611,-0.08170928431980849,0.07233304395852619
0.47240719273641985,-0.0837065969911165,0.07042976735377149
0.47421082097342737,-0.08367229307884792,0.06834419277012732
0.4714869768153016,-0.08219390556714536,0.06938795983959128
0.4720143915658666,-0.08330634171759926,0.07046189107544462
0.4796056394297602,-0.08642528555445755,0.0636433655227781
0.4730565131557899,-0.08327595906453103,0.07035228224300932
0.47972653955386757,-0.08581915759985674,0.06334183774195368
0.46076878696403983,-0.08247216166377569,0.0755640676993039
0.4717743230540946,-0.08400804955889005,0.06944340305609131
0.472033333817879,-0.08455007751335357,0.06918524707929663
0.47590026480728775,-0.08456027308149792,0.0657140391623991
0.4780442202799849,-0.08544927365459887,0.06459498983349782
0.47470693900565464,-0.08435805791256114,0.066859697502334
0.47169867761538625,-0.08302181960726679,0.07118403487921326
0.47826924061272924,-0.08599335890638639,0.06364965848336485
0.468384596836209,-0.08402877973353179,0.0723235711979846
0.47807465502038643,-0.08547703432913795,0.06466496053571036
0.48003855010884616,-0.08503784688697713,0.06281145299784491
0.4667671989971759,-0.08301212499175907,0.07429158364280186
-0.1050335697459964,0.04293542733674546,0.5714396524838524
0.4719785452073765,-0.08346612575302602,0.06911570299726336
0.47668505513700293,-0.08517794796891495,0.06519343428635127
0.4791852308512661,-0.08549641493480485,0.06286349198478225
0.4692735772587444,-0.08415625689819166,0.07218258222188761
0.4799205687859994,-0.08639982172480956,0.06265574910732524
0.4705679791484728,-0.08460769100245247,0.06961645213535372
0.4732906232369406,-0.08654215163750067,0.06818736423802535
0.47441658128331193,-0.08455574311163883,0.0676921344603717
0.47562767158577524,-0.08453632406232103,0.06514860783090465
0.47654403475732926,-0.08591263613662546,0.06606672939394487
0.4709480321247601,-0.08463120264529043,0.07066254870319352
0.4756051256225146,-0.08585578849525115,0.06697982293455146
0.4662968963089167,-0.0850229621334323,0.0759298584996557
0.48568213329042204,-0.08560768555483059,0.06744891496081784
0.47700974113667605,-0.08626717793545417,0.07204303228848669
0.4771430987632094,-0.08668061656515162,0.07225595191520229
0.4764286965136614,-0.08608320121403386,0.0747532567872046
0.4759108091005182,-0.08569589825619306,0.0747885876164984
0.4740522214824834,-0.0869589552128883,0.07604133392742923
0.4764287442969353,-0.08481210312384213,0.0746004605692358
0.48772367021127094,-0.08704363034983507,0.05662602797178645
0.47815788729423847,-0.08717841400772292,0.05971459051991995
0.47245446837609095,-0.0841414368226579,0.06545594663468901
0.481275851344517,-0.08613356719514437,0.061054362522347694
0.4759626459377463,-0.08644733484722401,0.0672168542800256
0.4753741424019826,-0.08615466928283345,0.06787075128734638
0.46676773069755667,-0.08433576899908712,0.07355385216917867
0.4730561083476976,-0.08385556088157677,0.07039643795413111
0.47853943306234004,-0.08598389782310191,0.06622926787002914
0.4757520737514227,-0.08511122088646011,0.0657103077248995
0.4775619243867403,-0.08749061007575262,0.06764486565827971
0.4755104973220292,-0.086769002677984,0.07179738085385307
0.4692813691948755,-0.08599326972347113,0.07606205038907299
0.474367517467937,-0.08864157666961245,0.07081460037643239
0.46725099535169845,-0.08659847151773198,0.07740805911420237
0.4679614132280844,-0.08671640375109185,0.07659613903899462
0.4636353162593458,-0.08739094349651028,0.07973995767925465
0.4705932557625109,-0.08844436768865221,0.07523362905743752
0.4625892169061522,-0.08915934963445594,0.0805313208207172
0.4728239269876665,-0.09114961598465857,0.07377082697715429
0.4708626339133125,-0.09032923671131912,0.07490674401009115
0.4697940249162348,-0.08153695481655959,0.07283743735748158
0.47215901755412226,-0.08037485370110775,0.06544761528635074
0.4696804728457406,-0.08117614439434409,0.06583420184401712
0.46502626462206886,-0.07724412463252311,0.06327355360907988
0.4739815253843127,-0.08027991006958003,0.06553774565317305
0.47039202494138077,-0.08112951453704209,0.06705338008780531
0.46834906731242143,-0.08043166141795147,0.0696753272769721
0.4747385901806383,-0.08533438620123027,0.06456457701373391
0.4707426283629748,-0.08400109574924973,0.07282463556152083
0.4657177085835471,-0.0836019574581137,0.07834465655928352
0.47336699551209105,-0.08612959523679697,0.067539093173306
0.45999685965431536,-0.08407368758579561,0.07902932810419339
0.47180288343557253,-0.08520905244493877,0.07354190679351824
0.47598519143368456,-0.0860630529906807,0.06821737534737618
0.4715649297429805,-0.08438059751789356,0.07446946080742503
0.4796211630106606,-0.08687713391919205,0.06686556550918965
0.4627816807411337,-0.08314966165367396,0.07953165418634914
0.47457062819980805,-0.08584230178582594,0.07129560956654699
0.4693342991813002,-0.08380257162110538,0.07549703407716662
0.4763159464399772,-0.08522324174531279,0.06923404128269142
0.4806574639850605,-0.0845674527441059,0.06443316007434136
0.4696251482280275,-0.08246757234814275,0.0733460688669309
0.4755521462354515,-0.0845515009532883,0.06878839276622184
-0.10475439836491687,0.039214114997687,0.5636548236783887
0.4664441395492285,-0.0805107348567751,0.07365625049878174
0.4751913784858097,-0.08387294766972983,0.06795172881638031
0.47173757177627323,-0.08342875624032085,0.071126120520147
0.47021795611270656,-0.0848948829189171,0.07182988473888313
0.4736589386271529,-0.08647511945176531,0.06901024803578626
0.4734295708647539,-0.08675075317991093,0.0682249195077802
0.47365306943207197,-0.08615381140049366,0.06904704765971598
0.4686109854185794,-0.0912408689680544,0.07669628389530389
0.4768567169671505,-0.08322452951579,0.07145328824421421
0.4698274078163015,-0.08321898120023738,0.07535487410839065
0.47826214394304356,-0.08394636579709228,0.06977520342607321
0.47670885663346607,-0.08154132804905756,0.06891122345867981
0.4767043479169647,-0.08321267807187244,0.07470512728466847
-0.1130788813282079,0.036998052691483874,0.5654691112482151
0.4760133718840076,-0.08633598066722256,0.07518223587819403
0.478711259695338,-0.08998503204739045,0.07347547116415987
0.46587173037175317,-0.08449780412603103,0.07560189114600124
0.4637561671805028,-0.08311604829760275,0.07501405474753903
0.4666593218813533,-0.08432813028497169,0.07227342143308077
0.4708629883824858,-0.08148734440384561,0.07231761234145542
0.47693394731290717,-0.07853336605109135,0.06603035452613965
0.473823531119267,-0.0797208919903575,0.07065875688712689
0.47842250390529106,-0.08371836893776231,0.07186299870406374
0.48116673247248576,-0.07695180830950145,0.06636970064162923
0.4675321835890993,-0.08038960042615981,0.07753953524812898
0.4735782457622883,-0.07919272681714037,0.070635816550674
0.4782619638359844,-0.07979089843535261,0.06719903159813306
0.47721268221783075,-0.07734084786503041,0.06776141117218798
0.48469215590467,-0.07792266867843539,0.0611254982727199
0.4886331768318868,-0.0858246202079267,0.06308092359728862
0.46983746543173044,-0.08702113500545045,0.0759309419967662
0.47630019057567513,-0.08799373255103204,0.06924691138577571
0.4761040005707222,-0.08709116575201502,0.06928559666398285
0.4746826483090562,-0.08594352672828748,0.06987008601618871
0.46934521638747817,-0.0852301858644834,0.07319986241438156
0.47642102272770154,-0.08450846711187038,0.06843445795300443
0.46298943806684145,-0.08060836283400724,0.08127763498933338
0.47306027573151055,-0.08413003937119909,0.07182324949644983
0.4763247889221367,-0.08285487860807711,0.0686181647607779
0.472973136892312,-0.08233049028412545,0.0719853891278468
0.4783880478584417,-0.08360983301640448,0.07175085727751046
0.4771214032918064,-0.08427984048231568,0.07379581859817369
0.4706846223816681,-0.08244085570244367,0.08376724156724574
0.4815507190771863,-0.08384100920095662,0.07378814481318335
0.4790416992296389,-0.0822668606915963,0.07570230479105958
0.47857995937563746,-0.08311612274471616,0.07664769141352415
0.47495603295877475,-0.08111914579181316,0.07637599696677838
0.48082272550858124,-0.08164173930117673,0.07275649095688197
0.48279834681371847,-0.0793768504194787,0.0711323378221497
0.48811974651074375,-0.08363783580564103,0.06822962263897553
0.4707617256800841,-0.07933407896898051,0.08193791754340057
0.4772800918875984,-0.07915945983846799,0.07714723373781543
0.4825814620384222,-0.08455883178569384,0.07509479129025676
0.4874608817320454,-0.08812427196960707,0.07001602950098379
0.47972884730650156,-0.08416531925202357,0.0760954804905763
0.4763327985200566,-0.08118741374179995,0.07104644064515109
0.4800754397557294,-0.08162741796528422,0.0676028214303166
0.4757663096964548,-0.08147492768001471,0.07036110502409684
0.4726623157631239,-0.08359767039060947,0.0734394885779669
0.47391061633403,-0.08433569552056752,0.07297766034770017
0.4633789165795461,-0.08584734377811744,0.0794420894049416
0.4723589421157149,-0.0872521093680856,0.06953697028684944
0.47941717200661627,-0.09031881545277932,0.06390736973277877
0.4753459633395253,-0.08951673220374759,0.06563626838833109
0.470932112337769,-0.09048589340548134,0.07210648951092882
0.4778462524880137,-0.0915505554151097,0.0708856894633422
0.47680602974060715,-0.09254902097246157,0.07229611951194684
0.4783899973399448,-0.09236062126037026,0.07166980286201097
0.4770781729640865,-0.09299203939200687,0.07188348239725681
0.4716890473712375,-0.09334345747865999,0.07762995077019741
0.48070656430729075,-0.09444144995284917,0.06764576516833207
0.4832564698373636,-0.08092281417018497,0.06956761977853101
0.4809522873416168,-0.08453989383278138,0.0712418005835602
0.4811938740254845,-0.08257902897690489,0.07136564044543339
0.47500506445021967,-0.08245353126565926,0.07734437918727713
0.48211432832851253,-0.0847492066943095,0.07063831316816974
0.47559061958322624,-0.08648633545455064,0.07691550208577089
0.4841464643728578,-0.08822491721498942,0.0693236036162718
0.47475062018146347,-0.08627348805829692,0.07889735976699103
0.47162462821125356,-0.08632098017191803,0.07946588390074755
0.47899708677603914,-0.08562589703296222,0.07351872397715395
0.4738849696008788,-0.08534854067419301,0.07888789917872882
0.47669357815019486,-0.08546855096633676,0.07625344302320919
0.47406329634255306,-0.08402529624277841,0.07830968587589796
0.4817824246275164,-0.08644149218607527,0.0720068640115418
0.4797009757528539,-0.0868636493498287,0.07441423005290221
0.4719989109650437,-0.08403510086995453,0.08157643576388576
0.482285508373844,-0.08655548775891471,0.07327800493375575
0.47792224150099455,-0.08549361316699908,0.07724759383108235
0.4738156131619611,-0.08244386714668957,0.06988509294082068
0.4758031069598887,-0.08372075816735311,0.06738113859998329
0.47125968625167974,-0.08299456277671773,0.07038921438010601
0.4711633106103098,-0.08365073384340976,0.07086525680420191
0.47522943593040573,-0.08400531534126661,0.06744998387540319
0.4647849331803252,-0.0832515593071412,0.07693553327733751
0.47213761811747057,-0.0838616060221497,0.07179167843559786
0.467319612779448,-0.08321321505796156,0.07510621956924396
0.4758039226472622,-0.08435913476214021,0.06739460579013976
0.46882639623948164,-0.08104413974887786,0.07316500620900754
0.47509967087685934,-0.08244023294039679,0.0697503230660109
0.4690411045195042,-0.08088563926197842,0.07280266924195233
0.46996490445763084,-0.07962300248804119,0.0728662657717026
0.47574913204835034,-0.07926411587986285,0.06780202495812956
0.4729093617705148,-0.08027614013957882,0.07217747144302164
0.4803872406375733,-0.08172933677112501,0.06442629626949381
0.4697884797087283,-0.07993250453469884,0.07419452721941813
0.4813424181312579,-0.08213921562680229,0.06427081396745798
0.4833125081433017,-0.08040109129988394,0.06148237762812708
0.47459948082862446,-0.07977411802159952,0.06956491325213024
0.46540241860852927,-0.07778544812410107,0.07683083053131828
0.47938126884680454,-0.07933359214672366,0.06527140461842046
0.47553418012061066,-0.07912199199864803,0.06973483974262434
0.47683203132569774,-0.07451346480360149,0.06811176269129171
0.47652080826668897,-0.07524214426024693,0.06757857524085215
0.468480143801132,-0.07184895056871338,0.07619598916370676
0.47389814796168245,-0.07105324443238124,0.07122209795721696
0.4810401521218682,-0.08088729154561917,0.06696475642148941
0.4757039055002138,-0.08666462855225426,0.06968606642459355
0.4708312631903255,-0.08512135962076854,0.07196447551050442
0.47857361723011677,-0.08206331888361454,0.0666910569789187
0.4719919641661279,-0.0789823606434558,0.07250943798353904
0.4717395042829149,-0.0822190065966277,0.07391653149500904
0.47791699391496584,-0.08335198016137607,0.06804746100936779
0.48211355197782924,-0.08655965728858221,0.06676840978293291
0.48203438095500767,-0.08423939994731569,0.0646557662667967
0.48419331321088405,-0.08500788667770068,0.06463240508944668
0.47584961003747056,-0.08524522898389275,0.07174522794762506
0.4765450837921954,-0.08283241005388728,0.07252611343776263
0.47462559958247963,-0.08458868409053606,0.07297264929407771
0.47354757152426236,-0.08524134632711619,0.07299543126660452
0.4742780381256317,-0.08480762149540924,0.0722777022541618
0.4829999166249747,-0.09269311270179514,0.06666036492599281
0.4795028254934747,-0.0920658358606429,0.06760485606641237
0.4745239452549699,-0.08391356251764877,0.07127252611776425
0.47384194010754976,-0.08750814256992187,0.07170832589670786
0.47296062618528656,-0.08594156047134204,0.07491802264512534
0.47409304949370645,-0.09306251309513629,0.07347826747974473
0.4746788589723786,-0.08448981767083583,0.07381726138345437
0.47194634729898083,-0.08895649194702296,0.07360563979095772
0.4781206428717322,-0.09023394089998495,0.07029519223115002
0.4745447047828198,-0.08519844567626178,0.07451519005788487
0.47191501320960244,-0.08363018732116217,0.07759879467191824
0.4761659275329697,-0.08351562378031308,0.07389618989274174
0.4714073354431081,-0.08128786489423923,0.07782189238822632
0.48151138925171016,-0.08449391950331449,0.06821062033667863
0.4756879945588049,-0.08255865791213156,0.07412098043528817
0.47317802428215533,-0.08314276142328303,0.07717876433084325
0.47665123010623106,-0.08299417240944135,0.07225693087715451
0.4791232365273931,-0.08458274298005658,0.07077563989039004
0.4755403636982824,-0.08426777199172351,0.07409757992195756
-0.10978670231454293,0.040198618466244077,0.5636553901372163
0.4778614734209383,-0.08501651225601645,0.07302214363302001
0.47403963154020967,-0.08457331302529662,0.07485924413806913
0.47668337239307407,-0.08400380149219469,0.07140761726168723
0.474289616660691,-0.08247895493047508,0.07418186833934767
0.4747082948478344,-0.0825358233288808,0.07580360348269835
0.47048287339911576,-0.08196330890763409,0.0775945010724583
0.47901450468715656,-0.08141732078368213,0.07045434941389309
0.47894871619410084,-0.08142270578721972,0.07138310255847222
0.47636718248552695,-0.08150582577263758,0.07312055921641941
0.48270145083148897,-0.08111777467877444,0.06503787766993419
0.4757854090071109,-0.0805770206399373,0.07658942441227151
0.47307160919989355,-0.07882222517938116,0.07740426629846459
0.4741797541488275,-0.07955146728103726,0.07550034169481246
0.4719247011716157,-0.0777482666462487,0.07698374331494329
0.4742098541464944,-0.07712988072171553,0.07202363095826408
0.4833508091620278,-0.07801677944894322,0.06663206446380465
0.4770186360571098,-0.07671050037993583,0.07357510359993549
0.47973064960846656,-0.07717382316465399,0.07272125882044114
0.4863413480731279,-0.08287492215226074,0.06746228687400657
0.4843729848170446,-0.08607967620564204,0.0637924718158191
0.4743996541786702,-0.08706969939984213,0.07448253903752028
0.47786186168891753,-0.0857662013178017,0.07072558006754523
0.47868119297763156,-0.08631906291695014,0.07018463895156074
0.4685134512782485,-0.0847649729995614,0.07868906747280457
0.47154767447465845,-0.08730918967384366,0.07561151647564321
0.4675214350109772,-0.08548201236894273,0.07986766254619881
0.48588335613276645,-0.08274056448361612,0.06562949885252473
0.4721952923405577,-0.08218283618402049,0.07568503146516761
0.46980197301355586,-0.08172693933595612,0.07982997222011376
0.4718788330852735,-0.08110193302323597,0.07703955118951344
0.4743218081238594,-0.08287790619692281,0.0765827393128265
0.47562253837385243,-0.08277655995296165,0.07445729279759841
0.4740736709173774,-0.0834477148264662,0.07547473281586156
0.477129922918597,-0.08381801055933688,0.07278003669868349
0.4775600823654893,-0.08285061443074904,0.07171968328603304
0.4725807272458726,-0.0826535880434535,0.07518959583567514
0.47423494270669664,-0.08386634790687637,0.07448109518460305
0.4747810470877909,-0.08381167428361101,0.07363939036810069
0.48101610527178146,-0.08444132087803385,0.07142264473939716
0.47271245802927075,-0.08296641062691879,0.07669522972431167
0.46161630737605536,-0.08147359031973622,0.08392700577943657
0.4741818820941977,-0.08349530375900635,0.0754379575494023
0.47747004901704626,-0.08256037828003343,0.07177026216065063
0.47219449901335686,-0.08241562422764374,0.07666137783988891
0.47106835358267196,-0.08210956488209432,0.0778690101605376
0.4733908329866687,-0.08143346586379083,0.07720031045302911
0.47610514802118864,-0.08415472991785533,0.07339767809151573
0.4731096949958645,-0.08348293485468924,0.07434617078694222
0.47669738076912693,-0.0835556896211811,0.0723867102224042
0.47651335034391595,-0.08320250485994365,0.07360067226298925
0.4801876657054663,-0.08459716933169158,0.07047027923029475
0.4651229323784208,-0.08079956898632731,0.08189090609317456
0.4869158452361012,-0.08554956148054907,0.06178791022719854
0.48027620997638876,-0.08303822728519719,0.06879749090490056
0.4781577458767863,-0.08377595858076436,0.07367810074580472
0.4733131184921064,-0.0824952254449144,0.07704894307831267
0.47836031870500595,-0.08393617137228322,0.07006142842963292
0.470117765318382,-0.08324071699700478,0.07869550585866494
0.47012527535989246,-0.08336475661521218,0.07759414549639435
0.46998384547469485,-0.08335466464527719,0.07790875088207652
0.4775730681724478,-0.08454514683365882,0.07238486146876985
0.47426697433790715,-0.0838587488590475,0.07419036657250377
0.4700228047713262,-0.08268439760768934,0.07840064408054193
0.47733278432995185,-0.08482745585396675,0.07314793464321592
0.4735238291463695,-0.08345263072287998,0.07765998907956378
0.4767965989552969,-0.08313337359062747,0.07498779469948927
0.4752180182393022,-0.08177003760794047,0.07426638429379409
0.4710077279874755,-0.08304957958433733,0.07869220523783899
0.4748675814436528,-0.08324643783490085,0.07354432420792037
0.4641103343475157,-0.08185703254898218,0.0807307353122729
0.47675986568944206,-0.0846847920238886,0.0724898436338931
0.4711543149447221,-0.08265791851732204,0.07664981279578328
0.47668434388604775,-0.08393713132143307,0.07127127082670293
0.4785152032712982,-0.0840314088937738,0.07001487121519129
0.4777009954240399,-0.08395379383872256,0.06866834589136644
0.475939655010438,-0.08465722537896533,0.07142751514992277
0.4694207743622671,-0.08312368531516169,0.07816420398842847
0.477787444154179,-0.08482240229301903,0.07146298050996674
0.47225002849578324,-0.08366978449891128,0.07699560194748142
0.4700723972386248,-0.08279999048132855,0.07699191862139637
0.4836508533430625,-0.08451650160085196,0.06332193874866876
0.4767760642439277,-0.08458260711361945,0.06997174571989387
0.4698824857603992,-0.08353618764913157,0.07884659903573338
0.483095077398869,-0.08474926806476195,0.06733254447796078
0.4666623858981159,-0.0821155844065581,0.08027611621677108
0.4764728049385326,-0.08442970587290359,0.07125691417605251
0.4673991899874737,-0.08214726211855923,0.0803416440848096
0.48171992121808677,-0.08530111582763597,0.07095901329756202
0.4697410346034747,-0.08382576761870042,0.07733427398645717
0.4788733498254425,-0.08508598235073889,0.07095747439543046
0.477890077730895,-0.08531969365211145,0.0714288282185001
0.4756733371160922,-0.08398460416282989,0.0721311341878883
0.476587631305083,-0.08327777868662514,0.07320809239049045
0.47101981679820404,-0.08441401314254819,0.07955578332341526
0.48008226187114444,-0.0851311389032932,0.07117540369519801
0.4723710546769278,-0.0836959772016497,0.0766903599288811
0.4774856080197189,-0.08482176387030162,0.07158876235229936
0.47460255154284253,-0.0852890330164777,0.07428996472273927
0.4717158126878204,-0.08392116937161152,0.07626618350258862
0.48231087215216595,-0.08529549936124417,0.06677851132631751
0.47419599652378364,-0.08349006673644763,0.07417316618624509
0.4793221182006737,-0.08409638728603713,0.0698641713786522
0.4701160133658644,-0.08490550290213986,0.07856332943249858
0.4710691499450751,-0.08493077040531123,0.07814312522595973
0.47460297960028197,-0.08502609107399228,0.0744566360675839
0.48094015603175927,-0.08607021123191654,0.06933481818054943
0.47013963765525774,-0.08351662511891148,0.07710123719962833
0.4740169389728802,-0.08284943466884172,0.07227507623014226
0.47468670548793673,-0.08457214562158744,0.0733162192593805
0.4676763796092394,-0.08448254882860289,0.07783879774737168
0.46890560657864405,-0.08275184675368713,0.07766135796491258
0.4729636321979208,-0.08396128933624124,0.07560730765783791
0.47466612560128696,-0.0836719385575043,0.073118752173706
0.47316101647086367,-0.08354334530025948,0.07343466120773434
0.46540275488090055,-0.08214133744626965,0.08235141222980705
0.4710332209749343,-0.08334173720101146,0.07620152440237532
0.4795621798030565,-0.08434343844575004,0.06990881099544691
0.47167953429181214,-0.08258768652787789,0.07610418445546949
0.47145201231345946,-0.08401196510295891,0.07791768279331848
0.47373691873704726,-0.0830778542747661,0.07569277135202054
0.47701055847097373,-0.08443036419399944,0.07128644292075784
0.4726589466404244,-0.08365891349150872,0.07513664533908737
0.47570792441414866,-0.08336172502012795,0.07155712294965658
0.4701318819444061,-0.08365832223624413,0.07682231379392568
0.4700744460713787,-0.08332686768431569,0.07663253839058307
0.472113525174643,-0.0833434865521334,0.07549800982370833
0.47800560913755924,-0.08399962475390689,0.07004180106348909
0.46878383614697894,-0.08323474562436814,0.07851333112378797
0.4704682424802524,-0.08210723721503671,0.07696887680494804
0.4747755521058482,-0.08474079073782213,0.07167074891215691
0.4740780395388404,-0.08381472065436542,0.07412028681169153
0.46980511690973004,-0.08304079974861461,0.07744443737952764
0.47562400955300954,-0.08442497403055754,0.07176947089465735
0.47769441940404256,-0.08386882368818174,0.07056040076022302
0.4696652824759412,-0.08405520692905631,0.07770937388306728
0.4728018806376815,-0.0844600903596807,0.07439083957278225
0.47618041525810617,-0.08541886112074631,0.07267614404731976
0.4777163554207833,-0.08548082652188445,0.07052168848631338
0.4718822603713747,-0.08395842565876606,0.07515293844625118
0.47491261628619763,-0.08434924248625236,0.0725291951017224
0.47714567607144975,-0.08497509850104662,0.0706235129368066
0.4780169997773714,-0.08562483148509081,0.06871437212945489
0.4749215147754964,-0.08468338922010153,0.07130170947628961
0.46723532943679547,-0.08416398215711221,0.07844773619128823
0.47558393150341566,-0.08253737018105528,0.07012958537024808
0.4669997556583667,-0.08325609564563441,0.07833736889462822
0.47311067147742725,-0.08413516638497866,0.07238935181092576
0.4755660579736405,-0.08598218097318135,0.07171448500914218
0.4731809474784324,-0.0846277542769314,0.07310088488122615
0.476223306592942,-0.08537352443811072,0.07147302244848175
0.4753540524593638,-0.08650505269249495,0.0712624188454099
0.47308243577304404,-0.0839636173316739,0.07189273279651279
0.47245400035961893,-0.08521141498676041,0.0730223794840236
0.4743188091825315,-0.08420903829830938,0.06938454316293413
0.46349633452852196,-0.08372188061966909,0.07949773912482871
0.4643231782003546,-0.08384486957880546,0.08080526517512596
0.47016474471051795,-0.0837322831089341,0.07618792473260871
0.4684481193436774,-0.08400602224124527,0.07706485128751175
0.4716445274416343,-0.08387337356705755,0.07295638152553763
0.4802460516381081,-0.08560272166646213,0.06455933587993079
0.46788012590634787,-0.08263431428837917,0.07695369166315463
0.46172246737624123,-0.08202316726941902,0.08084853170876521
0.477977465569699,-0.08392344989704674,0.06756322306653953
0.4677326162355947,-0.08287904819926126,0.07683469323332506
0.4652300979991247,-0.08201778937938725,0.0794453973520759
0.4662636765422513,-0.08296233432854087,0.07808207532900269
0.4704928293257533,-0.08418628764112723,0.07414305473868726
0.468490375982723,-0.08452244571356092,0.07432675018509796
0.4628775934464855,-0.08146558348081978,0.0803350635571965
0.4707541314023642,-0.083539532591825,0.07232223373714736
0.47257922803163777,-0.08515017768658195,0.07280897651305673
0.47344208113943775,-0.08516350569945044,0.07155204605532203
0.47740781208526684,-0.08428176802203932,0.06957385296879881
0.47156259744818596,-0.08521257272315838,0.07561012520283045
0.47290715411950823,-0.08449487686008184,0.07346755990421153
0.4755224913103785,-0.08497157967430695,0.07206362250689052
0.4756740244735107,-0.08483537072720139,0.07221632110621598
0.48224017259637986,-0.08588566902153365,0.06360860558905712
0.47456416303910176,-0.08632137571603686,0.0733136115136781
0.4676264019804208,-0.08347610116584778,0.07625052233887311
0.4640821167311716,-0.08388783152864288,0.08072016466360452
0.46992846996804805,-0.08393505828414448,0.07736998198900408
0.46696917791913767,-0.08599255186647149,0.07887300268461683
0.4735609646738247,-0.08546737116690266,0.07073812502745369
0.47760335869495457,-0.08626787935987915,0.06690024417264706
0.4765818032378841,-0.0864247976079636,0.06818135394529334
0.4685962287297063,-0.08476266804036835,0.07544843768478735
0.46519652860592864,-0.08394235291206963,0.07863562161291518
0.47156710117356443,-0.08570071882832268,0.0739465958617124
0.47448505864653223,-0.08645016826464709,0.07095242899509407
0.4783649246932674,-0.08706723812250333,0.06877417857232737
0.4736468045292458,-0.08566217668564285,0.07195620428221167
0.4780666656702211,-0.08761811847858272,0.06683074374743414
0.4735861168766998,-0.0873872622230258,0.07165757289090957
0.4783897311989581,-0.08682300881596564,0.06450435075950489
0.47667117701206707,-0.0876602326989143,0.0685832477840784
0.47420090505167645,-0.08771030613239117,0.06987722722375428
0.47529752178037316,-0.08816863137498696,0.07091971359419755
0.47024643432254065,-0.08578355824470249,0.07291180182672075
0.47011224067016066,-0.0852097514979965,0.07426599910190568
0.4728090718431074,-0.08680679291586052,0.07102117865342092
0.4695229855381977,-0.08604365908208989,0.07538065702328234
0.4694658230380905,-0.08549451033695626,0.074118358609814
0.47258901574364354,-0.08720760487391291,0.07076459582252154
0.4713808927201956,-0.08626484374544277,0.07300815724594001
0.472008884684954,-0.08686354664858825,0.07108246208729749
0.46882259329421394,-0.08558227028677005,0.075178709148737
0.47577551661081835,-0.086651696382778,0.06763836729522457
0.471740365821543,-0.08672008200222978,0.07295064116575756
0.46711634144530345,-0.08432286661272023,0.07526617955833667
0.4751653376312931,-0.08639033349677626,0.06917065247429291
0.4683613720010643,-0.08629858136370919,0.0753455836340444
0.4688194262177614,-0.08594624268106099,0.07463811556013611
0.4645795582684591,-0.08470064028951926,0.07754179881475215
0.4758104889720295,-0.08730020722410214,0.06733236540525794
0.4782099722811411,-0.08691316781618438,0.06583056336647997
0.46953169386524085,-0.08631322496565666,0.07331744298147902
0.46975660564664623,-0.08546098792290067,0.07155513382452744
0.47137956443436346,-0.08639052634501407,0.06888070032057367
0.47033244870654406,-0.08588692967513743,0.06792920004865752
0.4757632145853,-0.08547795103193913,0.06716452154232361
0.4728038020765263,-0.08583752254612251,0.0707314784090054
0.4793003795455521,-0.0869531754977343,0.06279031995082401
0.4714091912955333,-0.08639470399758242,0.07132386173077054
0.47674240766547893,-0.08540657677161981,0.06833347805452902
0.47650516440065427,-0.0873449733560146,0.07219145937320631
0.47423946807479567,-0.08541490330227543,0.07172314651575429
0.4725202829259223,-0.08663908383472602,0.06958665020348895
0.4724284233268835,-0.08509410937157713,0.06881476146536084
0.4754549163844054,-0.08693543949267232,0.06807918567016596
0.472540526599286,-0.08570324930104699,0.0702715945414232
0.46877055667616535,-0.08408443236596774,0.07316178514731494
0.4766603230587879,-0.08544209732878436,0.0661568824657463
0.47660559697236804,-0.08658739735892212,0.06663121763413687
0.4723112261341573,-0.08668232928845088,0.06898145290148633
0.46542530287346934,-0.08447491295427151,0.0775060110298163
0.4688979030907694,-0.0838634972305042,0.07196144637918933
0.47166250706800916,-0.08793633688403288,0.06966640244325428
0.4732642457714419,-0.08695933588123075,0.06886263746018842
0.4710472022093476,-0.08587438558496814,0.07068684249878948
0.472349814838946,-0.08619518226090417,0.07311080471101428
0.47759547958044,-0.08719466195184314,0.0701368808838706
0.475762165489393,-0.08563539401624347,0.07084898772364409
0.4725093048330574,-0.08627800650332298,0.07297394757763659
0.47350552544819247,-0.08693442100840605,0.069952725518339
0.47355501709128595,-0.08671699677537043,0.06976357008923603
0.46471132289649364,-0.08477706121582236,0.08210422690133848
0.47844042786799124,-0.08745936618609114,0.07320520911673342
0.46325884354026337,-0.0838615828424154,0.07892021700603785
0.4723887947620594,-0.08547874713314213,0.06824646127675121
0.4742803839996912,-0.08650591271393013,0.07193618473650334
0.47705956463646004,-0.08556898903901837,0.06741081412905323
0.46875704033170307,-0.0855211911242435,0.0728214573679011
0.47390132882117564,-0.08578406416158638,0.0669463240396656
0.4640059296692771,-0.0842618329331305,0.07698550292636414
0.47062955455387595,-0.08678110547104437,0.07380037294454142
0.47939488965600896,-0.08910549811613108,0.07428236824924125
0.4833099990085268,-0.08861338446769654,0.07067872911729225
0.4773388975382809,-0.08855233054454217,0.07395380163008361
0.4728706201142464,-0.08748121707136106,0.07820975374386552
0.4799257968249984,-0.08693209118649706,0.07250213208960885
0.47879620020741087,-0.08833173378152355,0.07381087064872305
0.4723139361518079,-0.0861659228700837,0.08027038338676895
0.47573479264564295,-0.08719141745846443,0.07564816175751851
0.4714243123109494,-0.08519629539053006,0.080034001459031
0.4752693305349146,-0.08724513788980542,0.07777576691085142
0.47470584274178984,-0.08772256493710655,0.07831352970782116
0.4791682030468456,-0.08739513317897607,0.07348533153848802
0.47793143606790556,-0.08686855290855504,0.0756546810797609
0.4779611566919538,-0.08790656259188685,0.0752297032825052
0.4730969438426424,-0.087190060270902,0.07909388707030765
0.4765287934647269,-0.08651903323544659,0.07579491752346035
0.4785596484251149,-0.08705033694593008,0.07521979114623345
0.4692320194996394,-0.08595300651170713,0.08321357850339353
0.4763339698562493,-0.08682519377497921,0.07697803506532097
0.48010068118110033,-0.08778730878418747,0.07241536511295216
0.4785722448112623,-0.0882326882790999,0.07467140073068185
0.47620921530595506,-0.08727239476494002,0.07855023407162559
0.4732512985084451,-0.08689039530703382,0.0792184021912492
0.4806995681032098,-0.08869133508678886,0.0718888019987633
0.4682677078355535,-0.08557884053973722,0.08509174520523624
0.47682716997887825,-0.08699820406067321,0.07751272978716861
0.4766275215565705,-0.08601862963797449,0.07685145401771537
0.46921597655929526,-0.08599630554010958,0.0847485019226509
0.48010943023166,-0.08699685766760311,0.06373232114585409
0.47907134805953766,-0.0860820767295116,0.06378822683567531
0.4694996943833222,-0.08342020384987749,0.07195361157403371
0.4715918145703657,-0.08610519450858381,0.07015218961497227
0.4751953370310805,-0.08564300028306729,0.06771244101240009
0.46220144005660235,-0.08437855228172393,0.07870623042219074
0.46903785954056687,-0.08509019437534548,0.0728891122040368
0.46866755568843654,-0.08367148526692858,0.07234023778306312
0.4719891102966951,-0.08514478525123505,0.0707954769657412
0.4787712451732019,-0.08690877448271422,0.06619451890384681
0.46861948258870134,-0.08466750210753288,0.07541760500676192
0.46919741411899835,-0.08373570047997855,0.07324717727530713
0.48179812595311267,-0.08695974344144361,0.06265205295664722
0.46868702271688034,-0.08490744650911877,0.07590860061107829
0.4743115186727132,-0.08545564435533817,0.06805030336272386
0.46449705171266586,-0.08393595902696194,0.07795026172109501
0.4709431007783211,-0.08490449399056953,0.07240783077350516
0.4698881736604543,-0.08496670180540378,0.07458207163581035
0.4713436907980791,-0.08503471912761966,0.07287188207213757
0.47196152877001607,-0.08537411523765051,0.07121835227455622
0.4697381425800307,-0.08417360770387503,0.07197410493554895
0.47008109940596987,-0.0831559308336666,0.07381523867727835
0.47179091587638117,-0.08476019035066074,0.0705914144294221
0.4715758907199097,-0.08512612137208678,0.07356413239557477
0.46708565183518413,-0.0839803872001296,0.07838282478841255
0.46931081381025574,-0.0861650402662322,0.07526470941814156
0.4734468154602314,-0.08461349007630475,0.07093158423972007
0.47313178024016506,-0.08411211243703008,0.0701494961012715
0.46459208032547455,-0.08330636406870275,0.07594521935160614
0.47447983309665864,-0.08455862549907014,0.06967024953778461
0.4802671133546331,-0.07593069022884599,0.06619946391989473
0.47909227100481844,-0.08186246178944998,0.06708999256882436
0.4746230885620375,-0.08101092904617682,0.07296939681589959
0.47295651256361243,-0.08202145613941524,0.07614795923703574
0.4787327578597085,-0.08275747257315666,0.0711067394516795
0.47288869784048415,-0.08279533216846889,0.07213113371951455
0.4741792360343373,-0.08112837134421222,0.06919817761128272
0.47638435883033914,-0.08159029854890969,0.07041501776230602
0.4737826005385564,-0.08161654983632298,0.07296937558818178
0.4806786706875953,-0.08148991817137022,0.06759560919927188
0.4800920035042915,-0.08089745274043918,0.06823561308601248
0.48139639815067115,-0.08233727026896949,0.07252813941794395
0.4795998285366797,-0.08146584355080283,0.07832631266098933
0.47715707044129035,-0.08216662388627065,0.08041944768634032
0.48126969591307944,-0.08394513138133125,0.07656693527865557
0.47499522051539284,-0.08064412429733989,0.07184114495530183
0.47941737646511623,-0.0813652538118233,0.06828045204632172
0.4831384281429222,-0.08369233385544167,0.07320364165507678
0.48349151317536315,-0.08314671101983498,0.07574952073061675
0.48025487444902276,-0.08276176244331393,0.07673881068441832
0.47829391215426365,-0.08225568485516026,0.07811288133029626
0.48383364595767064,-0.08370330005509304,0.07410967426476547
0.47937709680053964,-0.08201168897236115,0.06387561068476139
0.47920273079967124,-0.08026574389852362,0.06673793264736805
0.4766516115840638,-0.08054708757454063,0.06769277047810546
0.4729552718678429,-0.07997972976024198,0.07314348124986508
0.47120953409370464,-0.0794150337494633,0.0752743311396449
0.4679182603368219,-0.07815659696916666,0.07798679236931841
0.47143392624514735,-0.07966827517934882,0.07535992936958322
0.4758472380120298,-0.0808708367987893,0.07275347409359331
0.47411369045998264,-0.08008834388181303,0.07287267045820237
0.47538331504165804,-0.0797424968497319,0.07278153847730465
0.4781661492265284,-0.0797921902313996,0.07284253145512565
0.4815088729792044,-0.0818895730254938,0.07788466626596335
0.4821841708644273,-0.08027606764496997,0.07492416220706954
0.47835240236301413,-0.08035286368250029,0.07906171092944272
-0.11970125133626147,0.04038449772044324,0.5695207152900027
0.48617909076440907,-0.08144748551444334,0.07297377040701322
0.4780369018096936,-0.07960049334558104,0.07661516534591661
0.46846873203071915,-0.07973328602464877,0.08501190354906438
0.4786231734674451,-0.08001501783955733,0.0773678908717565
0.483566051184295,-0.08074767998200805,0.07265087199775278
0.48189504073425793,-0.08095583189254536,0.07342495155662376
0.4834182643644464,-0.07947083734567026,0.07161462271589356
0.47962939903691937,-0.08008280912537605,0.07532210693851438
0.4815544332467656,-0.07956063314347589,0.07134608155844088
0.4835458576634458,-0.07884291288106376,0.06815229096078859
0.4716932530507058,-0.07905885787993296,0.08108495772254556
0.48073396017626524,-0.07991940752341511,0.0765483251064657
0.4847854485617953,-0.07878234524530162,0.07033312694747423
0.48394626716756506,-0.08019669851481145,0.07230647285923911
0.4715548432338319,-0.078941060755013,0.08120494051670343
0.478294271065932,-0.07811750535787133,0.07927941156956436
0.48392564077145095,-0.08035800587287927,0.07406287764971031
0.4867674411758965,-0.08016883763819774,0.0711879787372133
-0.11160076449565318,0.036452552415220565,0.5711264039639272
0.47645572839390216,-0.07734668508882128,0.06915823324379516
0.4701334803797602,-0.07711997063544909,0.07730606781757146
0.4725157493684734,-0.07656364872866968,0.07771443574851589
0.4733994298442446,-0.07764737933623872,0.07561237569970342
0.4684659271661976,-0.07574353405937392,0.07759530715959204
0.4724536034669172,-0.0755790301494822,0.07533494938061117
0.4806894623504212,-0.07905189779091479,0.06987750400230894
0.47989865675967525,-0.07863428971769597,0.07143930006649515
0.47370467793448867,-0.0768471219263042,0.07560595065650028
0.48084240032170167,-0.07782287974175549,0.06951001482011468
0.48479009382100946,-0.0790485235114641,0.06553409691473361
0.4750993836899862,-0.07747360642250284,0.0747714092687137
0.48139198432167885,-0.07725677334554028,0.06876666785496871
0.4757469314969195,-0.07763062034113397,0.07241118096609644
0.4788079327812472,-0.07777232409799585,0.07139189942692353
0.47376018790020125,-0.0770589744903107,0.07509777090135339
0.4686356527597857,-0.07603985873311922,0.0793343991953036
0.4774025316710074,-0.07734263748176143,0.07226324076371027
0.4739068158651749,-0.07632628338524362,0.07502080790374746
-0.1123565594502928,0.038601887677211184,0.5698587362021923
0.47388648184631454,-0.07598130686139457,0.07631077884678825
0.48961878742387144,-0.07827758725430439,0.059581557739874225
0.4708887269743336,-0.0835186853145678,0.07654447367303602
0.4734855172427017,-0.08048177654094046,0.07535045641667651
-0.11510318224980742,0.04379580351731728,0.5746205321277453
0.47641229901090293,-0.08526739808986031,0.070864364560657
0.47595186267696893,-0.08503071496060341,0.07033639466984681
0.47650341196751256,-0.08448245537926877,0.072871977575271
0.47562802101021584,-0.08473283250451158,0.0728275914700024
0.47538466127483514,-0.0850323635512408,0.07245406036340046
0.4700656985732358,-0.0838719864007685,0.07564069643345386
0.4763909307202996,-0.08384855588883462,0.07154557243855561
0.4676640501949293,-0.08298350977794576,0.07901321660843938
0.47532375616504063,-0.08410983447089468,0.0718997861258156
0.47205458733687533,-0.08288530410674205,0.0739322721644054
0.4715478570102354,-0.08355473642134445,0.07537980355171742
0.4737010370391803,-0.08443878683763667,0.07458229463815003
0.47861416372401144,-0.08498978887092606,0.06741106764962851
0.4803240557993405,-0.08427159312915775,0.06565688773266926
0.4777068531488084,-0.08267956460683101,0.07147246757989895
0.4710297392954274,-0.08208630572151189,0.07996100271855722
0.48107478854921976,-0.08406964526776153,0.07577212838402483
0.47843945322221526,-0.08408568206304196,0.07815268618295462
0.47382773283460605,-0.08371766111644295,0.08199595118646566
0.4777755251443953,-0.08342674619492199,0.0752365550160563
0.483857481940853,-0.08623542074962809,0.07221930100245416
0.4780714753084947,-0.08526884447979852,0.0769654904445434
0.4747943734249328,-0.08271372073509001,0.07868680518000692
0.47525304599943774,-0.08304750632128148,0.0785861196452858
0.47313219512623467,-0.0829982898770037,0.08009222425776419
0.4794024267927428,-0.08479938420764371,0.07666284688287467
0.48300582049015317,-0.08697843941967491,0.0728458978576022
0.47944759917908447,-0.08539784493317142,0.07656443399581525
0.4823589108223908,-0.08498238543363835,0.0753823012517342
0.4788090351214601,-0.08483651292472667,0.07864009371861772
0.47995616405506347,-0.08435504085209919,0.07233528286031277
0.4700105032274513,-0.08281779560708333,0.08267158046365233
0.4848103735807196,-0.08481321861967751,0.07210515422186897
0.47142765618160953,-0.08376035559392414,0.08252691378654498
0.4807379724987717,-0.08534908169753756,0.07472813735350042
0.4793579106409773,-0.08473991464775246,0.07762534196003004
0.47980287699819135,-0.08598640950604838,0.07496880370047215
0.47534582579805196,-0.08490469305903946,0.0796987627885864
0.4790066776244254,-0.08575272701423182,0.07826450314439243
0.48216867620513343,-0.08560678163264175,0.07469123776072922
0.48213332060489467,-0.08419096758034958,0.07399264512666656
0.48104890583937504,-0.08542263425252279,0.0761931635012024
0.48228852245541726,-0.08529969063327053,0.07634994131354678
0.481316693468,-0.08450922381478326,0.0753960878640354
0.48654569069030457,-0.0856305051189176,0.07031620836040237
0.47872097897280375,-0.08466010251130054,0.07516680726099151
0.48389345467027567,-0.08528836325076905,0.07232284128537231
0.4806241081226965,-0.08609038718135187,0.07569720934407065
0.47846304675902085,-0.08608308473583794,0.07481075115182811
0.4751618175234312,-0.0844574844806196,0.07554831847533805
0.480043081035619,-0.0850610222737001,0.0738088060092914
0.47353959515445454,-0.08411656227548084,0.0805190616502279
-0.11873150079012121,0.04637822137291271,0.5685902086368131
0.4812523136034066,-0.0853325257006392,0.07233549265734548
0.48267637325376717,-0.08569031101868581,0.07122076587085122
0.47569257194023884,-0.08343014029974526,0.0790641745822657
0.47505054448412865,-0.0849581038963641,0.07993260925348397
0.47555563147903046,-0.08494108265443691,0.07734020219211651
0.4834573835090448,-0.08506672174151655,0.0673922485716289
0.4805933016283554,-0.08555285651567995,0.07045992086189609
0.4789115942102514,-0.08625617956115275,0.07162691435023516
0.4738145475135543,-0.08319426382882758,0.07576417989593226
0.48000191570849426,-0.08611588846311877,0.07463874630477216
0.478975852473815,-0.0849648373507662,0.07403080861108202
0.47649985806837214,-0.08390055538332436,0.07396843960880425
0.4781718832314892,-0.08576746018023712,0.07628738408898023
0.47857215976051026,-0.08514379671612662,0.0731068142880131
0.4695423047819993,-0.08508254283479236,0.080468219352693
0.47591460619155557,-0.08422302180070403,0.07414618726197875
0.4723235437876009,-0.08378239492253894,0.076741828452983
0.48319699510735037,-0.08614515550087204,0.0721842800738971
0.4833699211576403,-0.08569137231500618,0.07074797132833621
0.47659964487393647,-0.08516060699345437,0.07626850813420172
0.47562290657244866,-0.08563475766708051,0.07774494848362809
0.48146612871927436,-0.08483268062674137,0.07358671924391022
0.4772653955541632,-0.08601380546897017,0.07608669838290594
0.48068323977408295,-0.08597811850986652,0.07361838413169317
0.4752432465927498,-0.0847041923501457,0.0797773831609559
0.47695931775396316,-0.08478305792029277,0.07604985211427978
0.47873734674136126,-0.08524733386931162,0.07617608771069795
0.47593902109435204,-0.08534715177548406,0.07845617471094041
0.4772445008002709,-0.08584190884994972,0.07662559482248193
0.47897713556374305,-0.08588616441382271,0.07450767016642731
0.48186337937950346,-0.08861769116471571,0.07449112092959556
0.4807826997873998,-0.08675210150824775,0.07398358276698447
0.4687555208713086,-0.0848885746540161,0.08279029857992462
0.4793441471031023,-0.08593852546112406,0.07493460473480945
0.48126382988602934,-0.08585976317214872,0.07162590487492121
0.4737374812741343,-0.08382401700618616,0.0794039688258685
0.4781102236203664,-0.08636296884717307,0.07495070918985694
0.4711811132883382,-0.08435606133447261,0.08174131572884699
0.4793661932323676,-0.08647897903157013,0.07342142505142674
0.4699216524599606,-0.08457339852627287,0.08219552064505184
0.4716415302096241,-0.08441378560317118,0.08037308636102108
0.47563133517735207,-0.08592915984839092,0.0771972593164085
0.4799001552927523,-0.08574264208308585,0.07489102855439417
0.47752970203767175,-0.08598137500581565,0.07533523046560514
0.4817344792094258,-0.08656427785339804,0.07049556150331568
0.48496922864484027,-0.08249700155786507,0.0700977394887985
0.472843267539753,-0.08139138972582217,0.0809408489931275
0.48406894189450755,-0.0819504788967263,0.07026176710318346
0.4797242965368075,-0.08238052065964094,0.07592164063404966
0.48283380451501257,-0.08493613665439058,0.07424981607753925
0.4953997209109927,-0.08645343450439617,0.05979630305905992
0.4817678961204493,-0.08229028957936678,0.06812336714554118
0.4691291185052013,-0.08042401238316964,0.08111276349395771
0.4866683685595402,-0.08383214062013708,0.06830589596214853
-0.11195704338978921,0.043476734940490834,0.5630987827702256
0.4754330466457791,-0.08307039938223065,0.07724503541549047
0.48125401364941456,-0.08120975065499633,0.07239028581030185
0.4819073125315398,-0.08351321939120485,0.07296653758955549
0.4827641750472458,-0.08298678595176029,0.07065971516633321
0.4783251191609855,-0.0826199411360111,0.07307689434463285
0.48760278921079436,-0.08641242419594823,0.06489118721089848
0.4768378685066136,-0.08217730770240056,0.07305191206155959
0.4802783375607751,-0.08364931522577079,0.07201267005590878
0.4842063146772137,-0.0835174521105676,0.06949115914104331
0.4785137913841908,-0.0838295082688922,0.0727536529758025
0.4791397590869041,-0.08229939082662945,0.074201897371728
0.48173675149701856,-0.08224056050502275,0.07184093616942569
0.4734908884889778,-0.08214647029326391,0.07847635676463241
0.47773110005082975,-0.08314275110215157,0.07454788760422168
0.47363333787351025,-0.08042135521056964,0.0763197050179246
0.48515909591756334,-0.08452362490027532,0.06904785402206659
-0.11493023936176835,0.042020756459599365,0.5673087488091715
0.48356134194171085,-0.08341776367936833,0.06884833136692087
0.47578092853703713,-0.08258964743019555,0.07334912598225166
0.4809081897086033,-0.08315490240657203,0.06917849776531851
0.4850777852506164,-0.08355807824128478,0.06837806010179412
0.48082055354351283,-0.08359296391063735,0.07266378604536622
0.4802858566806987,-0.08281371995908184,0.06912459599937651
0.47690674062483884,-0.07977526514198646,0.076010952650989
0.4736613564732103,-0.08132577899102379,0.07751069516347317
0.481208212868022,-0.08290874434466201,0.0725421479503999
0.47702481828147886,-0.08224893497705182,0.0753636600021238
0.48179038014602693,-0.0832174253895684,0.07053672774251254
0.4752714823657549,-0.08215875560677555,0.07527141924998812
0.4788451319669336,-0.08261502857408098,0.07174705569579987
-0.11235370055603527,0.042995321309320864,0.5674771762680928
0.47082957763496147,-0.08107953772882927,0.07886994565943048
0.4789616235528593,-0.08317220506292734,0.0732909064320193
0.4813025642066766,-0.0833800403702537,0.07195456329302977
0.4816334451879227,-0.08323397792228977,0.06988046507694623
0.48280090601056375,-0.0832764272199656,0.07000364380725851
0.4745292881492591,-0.08192272545244934,0.07520382454982533
0.477329240788207,-0.08218769054664118,0.0751905035391526
0.4760700953810545,-0.08190736879020957,0.07662584954798049
0.48006021919890574,-0.08340183980628589,0.0722225257828317
0.4759037304588175,-0.08147294860761498,0.0749829509116359
0.4877384758822439,-0.08282585798100549,0.06462174858014241
0.4819493014345745,-0.08230190356813072,0.07325234768009348
0.4843510430951078,-0.08291242421219483,0.06989681974452833
0.4794468853273084,-0.08347219898632373,0.07256802740657997
0.47500075174188466,-0.08055723894418804,0.07422517890220601
0.47056634155457455,-0.08138692158166766,0.07706076693836417
0.4782682090753088,-0.08244768364537994,0.07281017123136016
0.48207284869694617,-0.08319598577008479,0.070675196685656
0.4805533062106757,-0.08256990243815732,0.07081410505685012
0.479407233177118,-0.08234514801425796,0.07138195972650774
0.47975167799759283,-0.08263125339531938,0.07045093973097108
0.4790481650747686,-0.08372447663808641,0.07239767506717665
0.47242250527206187,-0.08215953776575259,0.07951198157373304
0.47888465716805706,-0.08088235577579234,0.07631455254595554
0.4804529194228428,-0.0819848868766031,0.0737390359086649
0.47969376248193507,-0.08189520473814761,0.06888510646152568
0.47525121388410296,-0.08164369304191077,0.07430661238071021
-0.11544568328037147,0.04290672489959172,0.5687067622973054
0.47658634052547555,-0.08194134897397791,0.07475675376717578
0.47883488118728873,-0.081289705927399,0.07394194016396344
0.4777426682603426,-0.08125218565631673,0.07419217566599387
0.4811340061195807,-0.08255254782403232,0.07180737862417835
0.46853165028849053,-0.08081829158403973,0.07992615936067757
0.47821830842498636,-0.08422203020976533,0.07196443856672363
0.4755574437084362,-0.08341625101572363,0.0729252577926778
0.47642137200391166,-0.08219402259020245,0.07222070113410708
0.48118483244497756,-0.08407175375708928,0.06934511407702229
0.47677147991275326,-0.08304726896790841,0.0726312016447275
0.47944897319385515,-0.08387290034147489,0.06944506116739543
0.47657900198662095,-0.0818849264462391,0.07180682116662684
0.47430199531298967,-0.08198989684560695,0.07512112264146587
0.47966816552021035,-0.08299431874545538,0.07109026173462646
-0.11005155062640873,0.04228972778432573,0.5653126160445523
0.4785512609394991,-0.08228048418885608,0.07234934572053847
0.4724430948113846,-0.08133870802099943,0.07829331598788514
0.4819940654799638,-0.08494287803727693,0.06881695187350972
0.48040622279247747,-0.08018562515597646,0.06954077694679486
0.47592616664066956,-0.07603087907980234,0.07331647891881768
0.48290699496171097,-0.0779461163194537,0.06870472773518446
0.480229576113675,-0.07911260250163071,0.06931643239951876
0.4794514205982099,-0.08047969587479081,0.06969137495218666
0.4769014436522463,-0.08203603823254949,0.0740477134225
0.4724466921811029,-0.08029668237784748,0.0760905366432057
0.47628375628934394,-0.08273033591099113,0.0737306698797141
0.4734239162250895,-0.08285215436404374,0.0771174853166296
0.47522517300142764,-0.08139756973221224,0.07365861316987715
0.47084777688665597,-0.0802943844305031,0.07522687606898124
0.4736870505080185,-0.0803490363459208,0.07429675256825016
0.47670351212009987,-0.08156701670952568,0.0711593823135632
0.47459290656021325,-0.0810046192714147,0.07505183386637457
0.47677683516695857,-0.08224791569464701,0.071980165446873
0.4757754670418565,-0.08142797828618875,0.07277721170773335
0.47523497816841254,-0.0819962194587611,0.07469632439932877
0.47757111814840636,-0.08241310207840918,0.0705047125786295
0.474096323515743,-0.08171246999674762,0.07359543833688889
0.47248115208516006,-0.08143688704066619,0.07360009562458678
0.4743712406555062,-0.08233050615211067,0.07328929493108954
0.4797426112890071,-0.0833052192148441,0.06940939962535167
0.47465976378203223,-0.08065081814974553,0.07232038013157144
0.4747100168624375,-0.07984054113540277,0.07290241268119416
0.47952832482400687,-0.08201259773186356,0.06994057901013781
0.4762278863973636,-0.08159773658712682,0.07209703465905612
0.478500553128859,-0.08263849843293254,0.07016356558824571
0.4767733503299102,-0.08188915531144933,0.07131200063674281
0.4712293237906532,-0.07952280217496004,0.07564754651601446
0.4777545429060728,-0.07996076668163009,0.06979819128928497
0.472106661631861,-0.07928551516091073,0.07558532823202552
0.48096384466590103,-0.0799529649161352,0.06771974858790442
0.48216678944457786,-0.07878164832448148,0.06760769922223714
0.48228706479216127,-0.07807111798847059,0.0664340905579312
0.4812834426887349,-0.07739965377444631,0.06862513445997626
0.48078072439823294,-0.07727210140718532,0.06813345130881507
0.4786951378820794,-0.07840574019215849,0.07224432758796098
0.4741331950043083,-0.07603550964853632,0.07667643549801595
0.4791462513956576,-0.07698224235845955,0.07317823361889664
0.4752422106876496,-0.07521002054200898,0.0765767715720847
0.4724796597842658,-0.0786409414506954,0.07903189815460382
0.4734362870775146,-0.07982405179765567,0.07775679177356426
0.4748792764102028,-0.07690162376390657,0.07845600443910211
0.4812945726301404,-0.07879723283695303,0.0727831610398838
0.4763188119603753,-0.07687182017974761,0.07527349502359451
0.484479470818177,-0.07548047039694147,0.07029898424254183
0.48376720114603355,-0.07545020465946567,0.0723605060156001
0.4780074845070186,-0.07644423674551701,0.07577598312414627
0.47587866750201835,-0.07631039029741515,0.07675121990991937
0.47843646335932,-0.07865010302407649,0.0761693010746563
0.47436230798108564,-0.07731886981319366,0.07991780857185007
0.4775071443832679,-0.07880763085698046,0.0762108113255196
0.4781168397775069,-0.07797149609258013,0.07517995651407205
0.47749038882412537,-0.07888696967836792,0.07629373535892439
0.4817939480352391,-0.0790309066401807,0.07246519709225499
0.48238580810752013,-0.08087591261643347,0.07056511047056555
0.48554397323229126,-0.07942590456684322,0.06778083075759625
0.4771024259614843,-0.07859790268123637,0.07338549183527546
0.48562493404408347,-0.07897711986390535,0.06544931573160295
0.47923325071362755,-0.07931277592064175,0.0719187252169601
0.48104587364074153,-0.0779698337730476,0.07230756709066669
0.47444916209938004,-0.07843601373715504,0.07556216678089622
0.47844631428642703,-0.07952836619768723,0.07305609739173141
0.4797052291845549,-0.07942123017409547,0.07068157477560233
0.4700363940704434,-0.07784926653440963,0.07966003898112362
0.4828292380393893,-0.08077899262338223,0.06873819926604197
0.4793636796397233,-0.07975994682929356,0.07326178916341472
0.475565710734968,-0.07959765134379757,0.07631408459649694
0.47306745041886966,-0.07961797308775598,0.07742555580952126
0.4732467351061347,-0.07910807915474934,0.080760669106307
0.48045894223107155,-0.08122274944001875,0.07085342107081838
0.4796588829203897,-0.08019324682960981,0.07400861714505957
0.477970507041264,-0.08045436263241715,0.07266238647366094
0.4799254546819687,-0.080628588006038,0.07049249955566522
0.4806181099143825,-0.08047246490131363,0.07146500956069848
0.4845279696032434,-0.0811800007520653,0.06636550699414301
0.47387793141479506,-0.08056339007743618,0.07487756500396575
0.479808188160761,-0.08093425228733081,0.07214426578352853
0.4792060270115741,-0.08166368996340914,0.07299458148348492
0.47238721478093654,-0.08064837130783933,0.0801524825434648
0.47967848824982956,-0.08133351092473828,0.07287815513667664
0.47791474530476236,-0.08083958426581007,0.07598746919525565
0.48052128458723287,-0.0814637499487547,0.07151896242326725
0.47681254207490276,-0.08123310658210317,0.07530418898704785
0.48380628831065176,-0.0832963599380333,0.06946882752072309
0.48115103904619344,-0.0816653557653157,0.07190355370036255
0.4794224318384031,-0.08076108467324108,0.0727642285979658
0.475424938055238,-0.08105857733495217,0.07549639284794582
0.47920288958645507,-0.08199589411094427,0.07333734426705749
0.47469689043545915,-0.08095244495480725,0.07761456074866457
0.48111492693566127,-0.08302235171516098,0.07340663753067572
0.48178050189826377,-0.08254388903331983,0.07183674619620709
0.48469964489220885,-0.08297984569053787,0.06730592062482224
0.47428876378019375,-0.08056148581909786,0.07651675168613215
0.47445735572182995,-0.08098977205244187,0.07745268987705994
0.4849219838703853,-0.08248943377704437,0.06838126800411765
0.4767467748436156,-0.08330961513428727,0.0758984354511481
0.4755958355346513,-0.08163217087981917,0.07577516833170564
0.4816531246183484,-0.08227680166804693,0.06969587725249371
0.4798656990422572,-0.08129759309663998,0.07246199134304537
0.4766520776772098,-0.08199881313602132,0.07366087339550295
0.47706696808171234,-0.07901892549390163,0.07139524447744403
0.47997707528898936,-0.08130069375080694,0.0728587086980799
0.480775345269587,-0.08349380207537489,0.07027307058290522
0.4763002959851713,-0.08216083974084308,0.07496280173951758
0.47440745252405947,-0.08188855297344064,0.07650777228639474
0.4751637027415755,-0.08043507530884121,0.07634970149984038
0.47774988165431886,-0.08119747050182816,0.07459867455191299
0.47442349236737263,-0.08000749264909675,0.07523295085462137
0.4828179207393345,-0.08337493003971173,0.06724250297823248
0.47349703594611686,-0.08152528493923596,0.07572611908788199
0.4737599661734631,-0.08009039407789034,0.07518112868615431
0.4755613184424427,-0.08189201191530604,0.07528631298441418
0.4765016701772442,-0.08277007044850196,0.07492532554372283
0.4776801757879367,-0.08217651351380353,0.07288296148868367
0.48538575298652625,-0.08378116392824048,0.06422417928201912
0.4725443396663161,-0.08101811322188329,0.07850476427570113
0.4774234184709092,-0.082115743905393,0.07364720002972516
0.4782935701554061,-0.08255730737287408,0.07227939331715713
0.4712890121798027,-0.0813285111102538,0.07826712107533412
0.4825075513832797,-0.08287183852603036,0.06949449034964467
0.47889742437427696,-0.08284173652028211,0.07063736594722542
0.47625562089076,-0.08218816353854734,0.07359736244602927
0.4726897069218554,-0.08156578833486536,0.07759581609229912
0.4747594476878163,-0.08205695128462562,0.07412924773149782
0.47820157612430325,-0.08339949303211727,0.07281680310076319
0.47164696417009055,-0.08120354905404598,0.07736088448915449
0.4723101667184669,-0.08197511902944103,0.07635377880459338
0.4756344740832057,-0.08078117305996749,0.0746579373693142
0.4755752249727425,-0.08148978414034526,0.07503700299920707
0.4804239553495838,-0.08337785662031837,0.07298095743215036
0.47587822514597444,-0.08207374992298647,0.07435798353647069
0.4810642271843548,-0.08254472570680972,0.0698789062618142
0.47710089731201744,-0.08253068643844727,0.07438429687765433
0.4809668421209979,-0.08286934757747078,0.07152115996493413
0.4681979585321384,-0.07998869647691162,0.08018827896969438
0.4795614788697653,-0.08221811053539506,0.07197251806307231
0.47564892330471087,-0.08203416722818874,0.07655403735941688
0.47193174823924355,-0.08101602234762473,0.07912948766448694
0.4811829641619715,-0.08313847499204333,0.07093880733259447
0.47808689230771023,-0.0820192565737186,0.07325909789214033
0.4737209159530496,-0.08054649597511862,0.07489842743967018
0.474046690812643,-0.08126155914102695,0.0766437927446641
0.47893540924941536,-0.08332206856657991,0.07320359363603576
0.4668265982353126,-0.07955759989273563,0.0821572691170381
0.4786641638773691,-0.08196118012157555,0.07277068799095937
-0.12170613392645696,0.048158239926073376,0.5784244744435033
0.477111852626052,-0.08212691022915344,0.07195628366015513
0.4764249394699316,-0.082384770305163,0.07383722920166516
0.4787152475734734,-0.08226523950958928,0.07167872471594983
0.47641343457060564,-0.08263388185650387,0.07363461226216844
0.4759383851898801,-0.08247776061005796,0.07398432861332699
0.4729983012682978,-0.08132620688812134,0.07634449058025988
0.4766792568013178,-0.08171123165259737,0.07456081361379666
0.4744933483647048,-0.08288704396577534,0.07498050332936793
0.4787058061105227,-0.0826452736637422,0.0713030819521816
0.47739058242201843,-0.08255589604499083,0.0715644870964105
0.4755139420561629,-0.08297269333431348,0.07435560129205307
0.47042939324298055,-0.08090699691948877,0.07701190641559633
0.4780953189568356,-0.08374736164596147,0.07177769911845347
0.4718973651784412,-0.08238485894000065,0.07607106279439649
0.47971874409983944,-0.08248945514279674,0.06893125446649451
0.47246961896204925,-0.0815471570410148,0.07632023848026367
0.4715711624928534,-0.08213908837819617,0.07818465724553716
0.47060316389053913,-0.08266664844901007,0.07917896444761971
0.4712387013638306,-0.08369783370507557,0.07980160928211083
0.47774512080529336,-0.0838100219472832,0.0711333721954917
0.47977254212627274,-0.08231042173060167,0.07008694305469895
0.4792485863654047,-0.08429612775994946,0.06929654016120229
0.4713168026137703,-0.08581259405858983,0.07616097931576163
0.4804614921311734,-0.08761729954074683,0.06838767147938937
0.47236485686239194,-0.08603009544348737,0.07512168006308548
0.48006643875396193,-0.08123918878922631,0.06964066234721186
0.4775063453915024,-0.08196664617170515,0.0716773868150343
0.4781573119734485,-0.08232229804883022,0.07150272375676348
0.47386573508192165,-0.08302797440304172,0.07352549132367145
0.47448125973299393,-0.08694775277947378,0.0739732995275541
0.4832945060207303,-0.08818041860691132,0.06582588493584257
0.46739740835366383,-0.08662906743909511,0.07779373519897809
0.4760747438626139,-0.07757071452585715,0.07265383322086164
0.4745446967125734,-0.07937244209911162,0.07637636944387796
0.47147815907383583,-0.07929093379985808,0.0766747025381602
0.47465869050542125,-0.08554609685338797,0.07178415650968115
0.4788868489745347,-0.0863600271267695,0.06957874135967868
0.4793317121705505,-0.08600510255784262,0.06861373913635468
0.4821056314612457,-0.08442785169026829,0.06769173338734844
0.47479067417774684,-0.08614931894852684,0.07181875618590541
0.4709204857864844,-0.08501145261639943,0.07630463167742013
0.46579160690754207,-0.08434789584981549,0.08064616573821959
0.4891441554290161,-0.08333870607506355,0.06240458360000245
0.47691773949123856,-0.08142742049729959,0.0727435718517607
0.4819631070519854,-0.08056004804547359,0.06788417860356799
0.4800547925713751,-0.08483380148164744,0.06979675623896037
0.4698634564250053,-0.08423458434684145,0.07941194802339338
0.46997670905017164,-0.08408746288072916,0.07741128991470611
0.47325884036467447,-0.08489125132924036,0.07505103354138146
0.4724562215874474,-0.0850167462752456,0.07471262330306983
0.47598670105182644,-0.08383863074789671,0.07366684994057932
0.48306152718893847,-0.08654006055075618,0.06632690592408297
0.4688487090499998,-0.08398439577942576,0.07860847485945166
0.4724508941365098,-0.08435862653651985,0.07538744044024345
0.4763477213490219,-0.08573708997708399,0.07246536984494692
0.476468564727174,-0.0848760075966298,0.07352590263149814
0.46640543956516056,-0.08412347226168579,0.07888811027448886
0.4682435670072499,-0.08374973362483236,0.07663338193051447
0.4784133151572849,-0.0850301392568416,0.07024858972370393
0.47075492583340606,-0.08359046479448008,0.0785288884913185
0.4704657638577814,-0.08462564866598259,0.07762092456747727
0.47401561627850397,-0.08389353955562157,0.07066843769750261
0.473393668034137,-0.0846387167585282,0.07098465262456743
0.484582682448273,-0.08168183107469856,0.0661637651828757
0.4769226352239401,-0.0808468387833338,0.07332945016042139
0.47713962431404877,-0.07993379293316397,0.07140666649769992
0.4741896567508882,-0.07988936045974353,0.07472240470479838
0.4733187496172741,-0.08122335781217518,0.07479028970762813
0.4845343161387107,-0.0827265043249627,0.06759155870829342
0.4774324139149867,-0.07948196919032456,0.07129003382618485
0.475227672647492,-0.08003247026121306,0.07372790972559687
0.4719169927658577,-0.08015007700532345,0.07730126789398162
-0.11169555528500744,0.04151868782228728,0.5656131347069616
0.4772351022538954,-0.08563776141366007,0.07284309852925358
0.4792506345716141,-0.0859887685529432,0.06821629405252172
0.4719504645658912,-0.08446340053027088,0.07665220589832508
0.47445174121756784,-0.08428662482586013,0.07360300931349661
0.475533734191812,-0.08506623704564112,0.0724166700157294
0.4729853949109506,-0.08465750321926575,0.0745519318390229
0.47653119106669894,-0.08572331933044872,0.07249264582806672
0.47324231402618755,-0.0856840089120943,0.07449149942306724
0.46884627367813725,-0.08393183495792983,0.07922011749205865
0.47004932962831014,-0.08338122043441788,0.07861582034513784
0.4721259920335713,-0.08451867918284489,0.07463787460057064
0.4822631186860079,-0.08321233715063525,0.06696559580797112
0.47829528496564583,-0.07987354370941917,0.06899811953040064
0.4816021747913733,-0.08537799650718444,0.06774576816166025
