0.4708421955513261,-0.0918400119884526,0.06766835887616868
0.4720129928042077,-0.09107858561965246,0.06918265079338026
0.46892021908774484,-0.08766042743712474,0.07444726172497518
0.4695301898829886,-0.08942497132706094,0.07210844064807304
0.4696362773353827,-0.08956111823001381,0.07386661452143856
0.47325599034739896,-0.09006328993729154,0.07075057522393624
0.47063159249347286,-0.08876184901001935,0.07313556033969165
0.474358868356847,-0.09139773448513015,0.070203591028947
0.47704414500107867,-0.09296496205218871,0.07006983385787044
0.4689606105214465,-0.09316194140606007,0.07698541236623058
0.4818243799388058,-0.0981510239374839,0.06574483664465669
0.47401496829486334,-0.09695114726069869,0.07353927671798866
0.471563630317378,-0.0945641957057147,0.07747823973641291
0.47631812264288226,-0.08709566957752583,0.07439870293811732
0.46901051936446947,-0.08707950177963004,0.07961077245253609
0.46664589511459387,-0.0862256494755437,0.08131332875224342
0.47187170696829184,-0.08655785402871882,0.07740915846250329
0.4733506570289028,-0.0856297193355668,0.07874523443813986
0.47956276835520983,-0.0863995716670128,0.07421307606221056
0.4764978922379691,-0.08767929124971673,0.07520712517831518
0.47207600194398935,-0.09097591155039776,0.08015648899588348
0.4716069492075229,-0.09149772361945885,0.08044655679606191
0.4781548050026726,-0.08670638562283864,0.07432179751117224
0.4774528867465757,-0.08775247991183115,0.07658955596666944
0.47938916475149884,-0.08771716493234687,0.07294544045926332
0.4695924554803356,-0.08548694315699883,0.07338079842624476
0.46599591478600594,-0.08367851748818508,0.07580743664207196
0.47382593605335616,-0.09120376288845486,0.0657177912912788
0.4732231734562956,-0.08881225984818039,0.06799301535314711
0.47083537752274585,-0.0866723836508335,0.07267260702997788
0.47582800592495716,-0.08804112567041303,0.07149358346224377
0.4774983953226239,-0.08683254647165138,0.0696384593784812
0.46495109672145685,-0.08567537220116717,0.07794199307190264
0.4776689168982815,-0.08874153102442117,0.0669330281029627
0.47422699309431077,-0.08657412325890115,0.06907572902879261
0.47240828088046033,-0.08774772479715551,0.07057025693597
0.4697452184623988,-0.08710803798841317,0.07215611117738907
0.46344157077414194,-0.08578044021417629,0.07863017525207872
0.4711575639732355,-0.08552389622564652,0.06855846467693774
0.4697844121977813,-0.08644333511772492,0.07635587933144933
0.47382289711985276,-0.08707552614460701,0.07356929521337874
0.4771694157128015,-0.08854680973962457,0.06901892843875351
0.4736555506901705,-0.08864511339263063,0.06954935380563393
0.47056429425712004,-0.08696052240282379,0.07217096062565156
0.47222734499375074,-0.08771764960327583,0.07132157176755982
0.46827212253399514,-0.08733847724634113,0.07439002679021545
0.47324885227861824,-0.08709691163185866,0.06977651206523125
0.46996291981627447,-0.08740945199188871,0.07227282734169857
0.4719943337423668,-0.08764300860876993,0.06992176666444225
0.46469585963395127,-0.0872992906402478,0.0769360704362364
0.4670943514403057,-0.0888360988107603,0.07502820585620265
0.46895366871633193,-0.08856860867522523,0.07365442571595981
0.4687049627405952,-0.08901042769058876,0.07203791290624728
0.46622768851128904,-0.08879090938797876,0.07489677889268281
0.47558600561324527,-0.09052296977039168,0.06624834884152736
0.4653707656536795,-0.08823647296742698,0.07657699424513875
0.4691452571587745,-0.08924760734518881,0.07252572906620844
0.46582779075463765,-0.08776176435325281,0.076844159527379
0.46805871425210155,-0.08815155334279448,0.0731104624346049
0.463785322219319,-0.08714495392489169,0.07595683901079064
0.46623754837688797,-0.08853436518388434,0.07656230434461692
0.4713514696126212,-0.08894575201848143,0.07205723892728494
0.47025937434446985,-0.08717371863045968,0.07137205036455688
0.46972674419094596,-0.08724798599364766,0.07308647579128727
0.46968659676437785,-0.08822043878486586,0.07427176945177624
0.47462317609183063,-0.08960949524463802,0.06991032295670163
0.47535987612259756,-0.08996697784298469,0.07094132376154405
0.4697747684805074,-0.08931472626453837,0.07385828815200765
0.4752432120105888,-0.08972582612632579,0.06942810787980377
0.4714998316810901,-0.0901752915768816,0.07163544955456622
0.47233091153977047,-0.09026699234891845,0.07337640854797625
0.4670537750715061,-0.08928554664483403,0.07441693824042583
0.47391162167496925,-0.08922206213165831,0.07159340461858013
0.473131284664288,-0.0911165677452138,0.07025591731910183
0.4703661114137766,-0.09007408613121615,0.0735759642089148
0.4700584702651699,-0.09036260114953391,0.07484850423859812
0.4658185594382651,-0.08917386726098013,0.07741375854813642
0.46568413649187057,-0.08817752613237156,0.07692506595597157
0.46687020524095213,-0.08941196419496658,0.07465319786420654
0.4682930434223365,-0.08906715594277077,0.07648720441949083
0.46488878311303394,-0.08905539854145826,0.07683338879667861
0.47077078045480464,-0.09118867482763937,0.0732704392830251
0.47437695415616143,-0.089346905232038,0.07106577380130852
0.4727809145584112,-0.08955934518306781,0.07177728432376296
0.4741169557843466,-0.09030848841500524,0.070446021907937
0.4707878097696445,-0.08988494416832489,0.07234168227548082
0.47609400867508556,-0.09041919233306192,0.06760245340980148
0.46957595350049264,-0.09096316035054608,0.07549413785003153
0.47325681364502625,-0.09002496263919245,0.07133908527482469
0.4754220436963574,-0.09076030031883237,0.0691928637703278
0.47020147238363674,-0.09087461288896383,0.07316410954466526
0.47664105627185593,-0.09287323825369628,0.0676809639926837
0.46687423175539344,-0.0895744905647932,0.07701255963771594
0.4774913898108158,-0.09101285160489075,0.06577807737022018
0.4653334064778336,-0.09026936791973833,0.07693794037392543
0.4657021417223243,-0.09067459410400248,0.07764132734468931
0.4762208457572501,-0.09134986176509821,0.06892008452181944
0.46691073770410757,-0.08998319464397934,0.07552917515039176
0.463770725640388,-0.08896002748688306,0.07820137019595833
0.47987566982993113,-0.09438450825635372,0.06532568954918438
0.47429715624175384,-0.09157018734303027,0.07020691333555304
0.46322979825892197,-0.08989512024873832,0.08058666546581053
0.4731381449817442,-0.09129474023362441,0.0740135962867742
0.47032488748000567,-0.08840524561916734,0.07689595481516395
0.46707814557157545,-0.08775948962022213,0.07966044214273577
0.47090651312962506,-0.08784631002536011,0.07500542660757817
0.47063244716633845,-0.08961538588347745,0.07613583428438708
0.47358980894961417,-0.08897710811649223,0.0737221218565694
0.4728659407854773,-0.09100761425948528,0.07461052599765919
0.46552741379668294,-0.0901463273715468,0.07974891747278401
0.46666371707593796,-0.08822444785474576,0.07909631402870398
0.47304633385005757,-0.08895758348411076,0.07623368534370403
0.470758743657003,-0.0887916586357681,0.07800792229057987
0.48229764761443267,-0.09065929347920368,0.06735847024499497
0.4661009456646838,-0.08823592282676107,0.08012384938633801
0.47318837821490684,-0.09046513066106654,0.07645893205759258
0.4687302140429067,-0.08936285479414226,0.07857887716119696
0.4737271293276131,-0.09123013747212728,0.07411666957163224
0.4666871478635427,-0.09047810002184618,0.07878918558102602
0.47695478842503214,-0.09263873694301594,0.07116924843573758
0.46864708950687095,-0.09016831839534452,0.07900010460311524
0.47384891791221384,-0.09100656403199521,0.07471137079473636
0.4754706519092716,-0.09186589524009132,0.07087092725572144
0.4661562246045778,-0.09185548276527689,0.0795513173734276
0.4726920835358558,-0.09202218290756868,0.07402618553822365
0.47789614473033093,-0.09315219501133326,0.0687372495519123
0.47040537804939364,-0.09195462466099383,0.07522301462786385
0.4776274246991359,-0.09252602386146008,0.06923294745353656
0.47927840719952897,-0.08653542847535828,0.0696846199942183
0.4717145433370682,-0.0839625467759462,0.07496442484104388
0.46731726728442746,-0.083169898022229,0.07883922191305559
0.47894062242331037,-0.08561381362627228,0.06826878699948574
0.4620999558602522,-0.08290101172447112,0.0828036430110384
0.4769851801806724,-0.08892258143855478,0.07093735243318278
0.47153008542056685,-0.08589330764962853,0.07498506068038532
0.4698947678424301,-0.08517751645522766,0.07695743703728247
0.4715760253537348,-0.08306578279873968,0.07399677568836815
0.4667439467587634,-0.08436069349082014,0.07871850282266604
0.47001528973379414,-0.08434214902869193,0.07602949794668129
0.46177332211545297,-0.08428041560957507,0.08214247949669803
0.4707246578836135,-0.08625944479288655,0.07487838643654049
0.4714341419560337,-0.08616818956987451,0.07517374033641241
0.4671212502850217,-0.08523595922032551,0.07841761294892877
0.46632525098841915,-0.08302152749141685,0.07721639878167777
0.46792941906989854,-0.08566729042990395,0.07593987494508139
0.47534931199560837,-0.08867472174358657,0.07037778017714666
0.47176137324671086,-0.0850572623935713,0.07447881667937573
0.46994697146616804,-0.0841848666412255,0.07424778554719424
0.47007787196799056,-0.08321275470315823,0.07272095784090377
0.4676693543561966,-0.08341402391475188,0.07624709161077053
0.4783529767825321,-0.08889850290642988,0.0664392515627798
0.46292183325660935,-0.08328057240714415,0.08026530407179244
0.4717460041602507,-0.08539414767529804,0.07486660167612277
0.4703605022599918,-0.08401072866336165,0.07508658031920531
0.46951135642645825,-0.08374885895467471,0.07558229300976613
0.4676184404278484,-0.08394446529753731,0.07683941434401725
0.47152816265308656,-0.08484950419972145,0.07288468853509897
0.4719240278803073,-0.08317103942479301,0.07405288146384281
0.47243353731855986,-0.08325632972792023,0.07234979194776481
0.47519675536197115,-0.0819274891980816,0.07113029024407566
0.4760437419869017,-0.0839099860518023,0.07090824570862928
0.47018970838459195,-0.08550332867320842,0.07464953272235211
0.47378234234770955,-0.08575955389900153,0.07282389237109582
0.4699163233730985,-0.085290449815868,0.07409497412969723
0.47100287863335816,-0.08512595831615229,0.0745202466637854
0.4710939073581377,-0.08512437516122388,0.0750819506477971
0.465111356974299,-0.08447091907460424,0.0772369056305009
0.4659782129929855,-0.08304468708586354,0.07885799264338678
0.4708022946166228,-0.08442574511802607,0.07457677191240722
0.4809988359600734,-0.08550433631017733,0.0623003443301689
0.4778311990240015,-0.08406398253699054,0.06796437548665396
0.46823947372125174,-0.08315728324143544,0.0765796791286468
0.4746373320961662,-0.08230070884904524,0.06889345892344065
0.4716967207120695,-0.08184362027093138,0.07448935034809412
0.4712878801232639,-0.0810638964788623,0.07384369124225132
0.4680802518716163,-0.08163353670641914,0.07691261616306755
0.4743984250336226,-0.08342532484053342,0.07157550863550691
0.4771636483671736,-0.08382727090543732,0.07024522279253007
0.4679610918390007,-0.0842324416763179,0.07868530508253596
0.4664870511566466,-0.08316220996995108,0.07872309846293202
0.47519551244825786,-0.0838786381328823,0.0710880767367792
0.4708854597943799,-0.0851662249886213,0.0743692713881973
-0.1242421582289949,0.02798872609322079,0.5727214329811916
0.4718545918282383,-0.08449196956710711,0.07469185676436069
0.46945337159012546,-0.08285303902165252,0.07580915253704718
0.4684978977329869,-0.0850869234965825,0.07780113432255609
0.4709385597819042,-0.0855683813652098,0.07636312274011786
0.47014413139614053,-0.08404287727580756,0.07441226965657532
0.46543965699919576,-0.08215469865671382,0.07991202541055384
0.4723868995642242,-0.08322041074721899,0.07519532678803506
0.47450618388880894,-0.08466455520718233,0.07156233482024388
0.4680683122630058,-0.08265346429086554,0.07628770194940246
0.47201227669223866,-0.08410848865487182,0.07433393805400204
0.4725300500697288,-0.08527248067417544,0.07398037206268618
0.47453925937298613,-0.08539342376692878,0.07226838228354582
0.4669371032830766,-0.08367379163231843,0.07779103743142618
0.471018969679855,-0.08554515429031498,0.07469475247560264
0.4690149232942673,-0.0855677388752698,0.07440694411539897
0.47091668120513247,-0.08422431539496275,0.07508209691047818
0.4734080125416639,-0.08344712072066988,0.07089958168717786
0.47311438255423577,-0.08373329836304469,0.07153983377435003
0.47749330636186477,-0.0842067344890597,0.06981885930001414
0.46834815973145405,-0.08333740186477485,0.0784269980615531
0.4774427328147124,-0.08677055944914482,0.0720665952411331
0.4737601261191374,-0.08564212031693552,0.07295052870733637
0.4707296418160834,-0.08433934661465708,0.07502970444493862
0.468987552972146,-0.08388847126789192,0.07718500783009649
0.4715220220287921,-0.08300743968176114,0.07589242375503352
0.4696019759615988,-0.0826317376320845,0.07649681419366697
0.47292781260250366,-0.08435581473214143,0.07521410013641605
0.47049637640889547,-0.08386240325338012,0.0797001514399586
0.47989614347335063,-0.0827191433371143,0.0687920874783261
0.4719146784168262,-0.0841419674673255,0.07671890183448901
0.48211285013747074,-0.08393254280866028,0.06843861785854832
0.47187826802651267,-0.08299450061472298,0.07523352439208608
0.47444376333443683,-0.08410806643187976,0.0758191912318183
0.4684182266923699,-0.08299748531463905,0.08092301232996371
0.47742667344937956,-0.08475896745874659,0.07222613002230491
0.4769434406852581,-0.08384859158636593,0.07447788654512202
0.4784345840033331,-0.08565370760077098,0.07393014421632832
0.46923031499522105,-0.0820065863951151,0.07973326864739591
0.4710440508183407,-0.0828607095677249,0.07872607569485637
0.47542802366177817,-0.08427028086308376,0.07538968990327277
0.46980807623629334,-0.08336474522602716,0.08174254515329035
0.48119655170721587,-0.0831386165659237,0.0711375584296374
0.4771661613348883,-0.08440918775638027,0.07478582534648837
0.47326568318031137,-0.08330342472270888,0.0789293791539413
0.47881993720016813,-0.08256534336970747,0.07419920588913076
0.47812948489050533,-0.08385201168604019,0.07308367952291295
0.47401784686957005,-0.08202950427617915,0.07659868125445968
0.4744245965683068,-0.08281228809162507,0.07722331069063212
0.47300136832925743,-0.08187755091312293,0.07981893112934083
0.4703207762218072,-0.08312528517844836,0.0786135242054477
0.47018850306797777,-0.08243763036402135,0.08000117310341165
0.47745868145406806,-0.08400109276587084,0.07244571938118874
0.4699159148620893,-0.0837327123374174,0.07915682638614774
0.4728941025602896,-0.08267039835053833,0.07771095071447001
0.4736683126353447,-0.08333738486700791,0.07688525451470168
0.4757784354104192,-0.08314187451882055,0.07776099322663121
0.46306864893713967,-0.08181443828183801,0.08295741363261977
0.47035329174632745,-0.083135503792089,0.07872649473230517
0.4673681781661233,-0.08319054931824348,0.08096245343034619
0.48162078421313126,-0.08693892819060364,0.06980331250448918
0.47229673564610725,-0.08312372196820461,0.07681259199272072
0.4727723507984133,-0.08446477545302528,0.0761685089068517
0.47004017145661336,-0.08238190356879187,0.07827925202474034
0.48332330485010944,-0.08599381360165698,0.06890700240591663
0.4714448411829653,-0.08358825495764581,0.07921868675683275
0.4675964632116857,-0.08240329527330864,0.07919451569340819
0.4704592434558012,-0.08196803773834091,0.07627889991455275
0.476173520058891,-0.08280225494515656,0.07267490877392122
0.47893166917115243,-0.08401796091059854,0.07304108949900162
0.4717748204123803,-0.08214628816121838,0.07671598757701101
0.47272897309105283,-0.08318102340248672,0.07559874938395036
0.47480935331985963,-0.08464592544896901,0.07435552216318714
0.4676711461883958,-0.08358794628471487,0.07985247359251185
0.45937450832723503,-0.08151394970313477,0.0853067932037844
0.4717609375549229,-0.0819926567967989,0.07638257212089142
0.4690234420739191,-0.0831199291888286,0.07916470868353095
0.4715303299095294,-0.08260000663617947,0.07723029772209691
0.4775704880627656,-0.08280387902919602,0.07322436218457276
0.46947401914803755,-0.08140814233408253,0.08050251477429332
0.4661545753379278,-0.07921068827854189,0.0797374179990245
0.47822467508746713,-0.08407006198369892,0.07030452965461234
0.4572148578761635,-0.07999178271598288,0.08636240055624181
0.4706530368229244,-0.08223466094686652,0.07760187782177894
0.4721223743303482,-0.08142937009912958,0.07758925308315157
0.4711200296023144,-0.0808493709382731,0.07849617100718748
0.46807235803861946,-0.08124779140230479,0.08061013381607626
0.47347841503273647,-0.08233935443568963,0.07591634034622713
0.47389311254207406,-0.0809887006133611,0.07573422646471284
0.476499293501661,-0.08170923276690226,0.07323845464061138
0.4719077795497953,-0.08237215671468001,0.07781546412174048
0.46411319469946155,-0.08140732178145363,0.0826303520027783
0.46945417857479743,-0.08117381403563602,0.0783406272792247
0.4797871604068338,-0.08472255403266478,0.07070758906993371
0.46649333468631676,-0.08198079413200941,0.08104436834147558
0.47679145262976985,-0.08212970425108876,0.07199321731359465
0.4739103200895024,-0.08138023251399662,0.07773745290531536
0.47669582006955397,-0.08222483765622177,0.07325113458139215
0.47839876621980226,-0.08267740795943596,0.07278018608964723
0.4752801739995148,-0.08244905406171676,0.07476335501197123
0.46565124263935675,-0.0798239530623748,0.08245093246969626
0.47535476866245296,-0.08403367622916932,0.07404855648328507
0.47478282948392625,-0.08331200579461241,0.07504725032875795
0.4737451415713718,-0.08135773290723874,0.07636295400646831
0.4680581808547467,-0.0815911506309206,0.08065521883975915
0.4744751188014889,-0.08180690571045399,0.07541912710146847
0.46443530018537216,-0.08043675074489452,0.08159220486937585
0.46974330116956126,-0.08079542118337724,0.07736413464013966
0.474999694037037,-0.08401624952423442,0.07437799466250195
0.4698803181290522,-0.08183656397034997,0.0771873598590071
0.47308565939787744,-0.08283713412232907,0.07472140668371569
0.4733864893390999,-0.0812105850503652,0.07416066071068414
0.47711845149308196,-0.08296177955627193,0.07240270344409941
0.4694369542810912,-0.08190108092416731,0.07666121767713957
0.47592894186457224,-0.0834346771290105,0.07218496873856184
0.4561690568105551,-0.07947382945264958,0.08534169718829296
0.4704142699134042,-0.08162695835088055,0.07763512601077174
0.4712105423732459,-0.08288456642738892,0.07733959532298734
0.4750270304146242,-0.082580230367889,0.07168419028570777
0.46611186227754264,-0.08090951468186369,0.07987203419835923
0.4685502702114386,-0.08181053652575852,0.07694551142068287
0.4718405493791203,-0.08101886152663135,0.07518837732525444
0.4723748246819488,-0.08164325204512622,0.0753689299237626
0.4743645170020655,-0.0814414189449153,0.0741007024610543
0.4636057027848529,-0.08178493757447511,0.08211331929294274
0.4709201051652978,-0.08166518524394029,0.07576636337989731
0.4591267425667116,-0.0791896358978639,0.08518777768998215
0.46803898126776317,-0.0805367250303802,0.07944445553576021
0.4682322296409519,-0.08128317074036082,0.0788343709861001
0.4739051411965054,-0.08357684706863225,0.0747585926490823
0.47128489270822244,-0.08022725679044909,0.07547027173112006
0.4728750475252243,-0.0820993518239988,0.07324298306028823
0.4732244217434326,-0.08164179132295007,0.07427037904476794
0.4695012262068147,-0.08205761512025103,0.07614497282570878
0.4671759475100666,-0.08019392637875689,0.07817835044156277
0.4654274599685329,-0.08094606298737822,0.07962054417139458
0.4669715088762728,-0.08033024909400961,0.0804960101135225
0.46930305987441584,-0.08063650513504196,0.07787766758834219
0.4720093927571596,-0.08152006838721823,0.07397119465864474
0.4668778303659233,-0.0815672458970141,0.07909533583153075
0.47200776453697985,-0.08173464779887853,0.07640757813494964
0.47553007269352404,-0.08228897810284977,0.07386195885238858
0.4784591174043709,-0.08417839238596801,0.07062405602813485
0.46360810357453275,-0.08005184040311189,0.08371939468881179
0.467826208578041,-0.08071774444664798,0.07761815913412928
0.47450339047312995,-0.08361589652294175,0.07296680046397949
0.47760371589356254,-0.08224891835090956,0.07194194591970982
0.47480704755280956,-0.0818990434904859,0.0734200867964653
0.4705715263217555,-0.08176702392256148,0.0761773410394064
0.47541842174387194,-0.08392473897693917,0.0725875650296747
0.4705172669024764,-0.08183166547754867,0.07727247329685519
0.47215430534353997,-0.083518892439552,0.07435727289025196
0.47416230660272163,-0.08288047458327075,0.07434798473767121
0.46979932483680964,-0.08223815631914841,0.07717818237362542
0.4693981069136346,-0.08209838572006635,0.07821060701544244
0.4708723966021445,-0.08228464220588755,0.07846864986573712
0.4716335417881989,-0.08200527827757739,0.07531881712650923
0.4783211636075071,-0.08370446192150552,0.07207926886179539
0.4742470102534586,-0.08186098256197155,0.0740857842603734
0.47137991350470376,-0.08250539310644413,0.07537112480129618
0.47487543753428785,-0.08218841374274452,0.07642555516311841
0.4700039420911622,-0.08241921597798244,0.07721671401634406
0.471354569031488,-0.08153501511152679,0.07628160561168404
0.4724365591340514,-0.08267024198970838,0.07601023506476501
0.4722179762131641,-0.08164882588556366,0.07538944100362818
0.4695523913834901,-0.08195671847867794,0.07759358717930329
0.4700989988493054,-0.08374653873721134,0.0769594498362835
0.47663817409599196,-0.08436070152857196,0.07081307314495078
0.47423541315853335,-0.08191625331511343,0.07484057318691054
0.46948822072524893,-0.08198279112103261,0.0767058411955811
0.46524196727173495,-0.08040106012032633,0.0796035668120367
0.4717479305403459,-0.08182372315595958,0.07574491261190702
0.4731236076636841,-0.08106504734815716,0.07532683471341689
0.47119874670033124,-0.08306650771247329,0.06449578223234864
0.4700947259075313,-0.08309312372445292,0.06578559741520998
0.4612404900731112,-0.08075391156134051,0.07214356244547518
0.4703790981577043,-0.08076389997280846,0.06717883411228967
0.46893376048593866,-0.08327903177340039,0.07119989864561588
0.47405333892300755,-0.08196085868132752,0.06890497682029953
0.4667798510400242,-0.08149967396676565,0.07723703903566753
0.4567781848689747,-0.08022914179058231,0.08359048907075611
0.4806294149930298,-0.08546070375771553,0.06131599665116594
0.4739299357743261,-0.08192858132940024,0.06363571863162976
0.46726325168560345,-0.0814795667181401,0.08289992723561357
0.4745996180274368,-0.08222238282659049,0.07929481926432747
0.47742897677354035,-0.08502664882680448,0.07811550141922224
0.47085613830758233,-0.0832640466973859,0.0788985761830523
0.46915533879545074,-0.08184883852839406,0.07505327450701665
0.46827798578303415,-0.0827455620295759,0.07345883409724699
0.46997812501148184,-0.08315667994115453,0.07267828911449128
0.4752254232792241,-0.08453261670907002,0.07248266262091166
0.4743565842131306,-0.08360161830015697,0.07640195276750034
0.4730990916104362,-0.08459751601541261,0.07799767194997959
0.47280470121942286,-0.08246274847321824,0.07823203758850203
0.4732236282756618,-0.08365084203612679,0.07353124521609819
0.4643564446942967,-0.08244998484734846,0.0788792587882895
0.4700947939006941,-0.08341782362105299,0.07383331847549907
0.4816612472369397,-0.08702769850849107,0.06644956920142087
0.47068177405227496,-0.08188714393684332,0.06603249265617914
0.47181141986977876,-0.08285234317926381,0.06622909399230795
0.4775948493200173,-0.08335008954598858,0.06286418794275461
0.47343456424809194,-0.08246977334858066,0.06917210584479902
0.4764902395433723,-0.08346992151126044,0.06902415878649018
0.45854697447703946,-0.08039068804117802,0.08229678831012802
0.48004635369072035,-0.08416196969608351,0.06648895917945422
0.4756923164206665,-0.08476321544424709,0.06810524135506799
0.4651170863400661,-0.08338104377270414,0.07261405144560978
0.472081555518288,-0.08439516905913386,0.06792237207728666
0.47459866403374823,-0.08437254288245231,0.06710600895654353
0.47832561794677986,-0.08348461115102332,0.0652412539332744
0.47724840421460657,-0.08360502610386257,0.06559605445797004
0.4695649035731975,-0.08433661453345241,0.0718321733499653
0.4811080837354585,-0.08376589094702212,0.05923734213382492
0.4731146150129922,-0.0844699016752121,0.06785046798886246
0.47286640813096936,-0.08406937921934116,0.06834452886456827
0.4714950271757232,-0.0839491729019888,0.0708077581549528
0.48374482503651073,-0.08492826182764246,0.06101981673965945
0.48176865425638193,-0.08522060478571805,0.062057765015137545
0.47127411809414543,-0.08299271841345142,0.07106857714586284
0.4779665660191418,-0.08511910377387204,0.06585659183289086
0.47245606590524886,-0.0835784405819115,0.06747017007087328
0.47783362168143106,-0.0847702296898003,0.06440423697430647
0.4764813697548012,-0.08553339212775762,0.06632712483508652
0.47890766598102863,-0.08397831928207275,0.06529224916978105
0.47302744221536,-0.0848585220937398,0.07100055285790863
0.47693181121206774,-0.08412449570393642,0.06625615456407791
0.47000391880562936,-0.0825100673286449,0.07241108692454779
0.46216139203131523,-0.08134743988684542,0.07682750516310441
0.4728505802273895,-0.08334998725906267,0.06881449635849823
0.47552447943190534,-0.08490445628433767,0.0676500426808419
0.4751163400684623,-0.08412211770319124,0.069143495371974
0.4724256075648745,-0.08316062174118277,0.070089098490485
0.47613854297049096,-0.08386722359719757,0.06724269780120937
0.47360650203943266,-0.08281205831420463,0.07055582926400544
0.46781652954765945,-0.0825810260168354,0.07471411478589302
0.47589174409901486,-0.08274170936004882,0.06833176164273752
0.46186190626563906,-0.08235823106859334,0.07885374763405445
0.4824425457652454,-0.0842396312820407,0.06240584799025828
0.4602688686371562,-0.08138603681867448,0.0791860028260985
0.482290870084386,-0.08266438693790522,0.06291025711315662
0.4731714201972653,-0.08371248104715687,0.0699107887930622
0.4751000754010831,-0.08239082705599143,0.0666797074376331
0.47677260843581715,-0.08319856602197145,0.06792517092943634
0.4733615362452882,-0.08235226122243548,0.07227300083988786
0.48320397695800027,-0.08341099672905761,0.0628521605123567
0.46621456236239045,-0.08288649361497769,0.07648358982123749
0.46654668172254665,-0.08267638099853991,0.07596035929600803
0.47836199365058674,-0.08271545349530907,0.06682306411523231
0.46795374373940646,-0.0815314218894492,0.0765218845688472
0.4714290948772937,-0.0818219718641121,0.07438991867464756
0.46882804976825376,-0.08276242489726968,0.07506817267983176
0.47103328186239307,-0.08104572848812217,0.07202108942066626
0.4791074670687499,-0.08362551451306283,0.06732800568311692
0.47622062202928506,-0.08184224374959198,0.07026737826492174
0.4803397068691426,-0.08338779517193802,0.0656672475605356
0.4759839857831609,-0.08237845540290586,0.06991622709617762
0.4766261269248852,-0.08480467407048417,0.07013098500556234
0.4737283158095882,-0.08218957383349737,0.0743901662084881
0.479476603142675,-0.08367569262350422,0.06968453099242594
0.4739618276521971,-0.08324602724225935,0.07308704668612437
0.48379580426827223,-0.08316669989784627,0.06515593290864174
0.47706065586301893,-0.08350520125754078,0.07103322727688419
0.46722954546649786,-0.08274715010003715,0.0768190488218489
0.4738934658591113,-0.08322232588859349,0.07219365924488111
0.46974256216037213,-0.08243587664082293,0.07650231516864164
0.47947854255251754,-0.08410833923770507,0.0679285428470025
0.47036253564116004,-0.08334306749340092,0.07474058650265641
0.4621432933132812,-0.08105374791090911,0.0824623322897812
0.4779191261055932,-0.08392354662994468,0.07154712086064657
0.4759404928434467,-0.08319504233534467,0.07109674562588136
0.47587957250628793,-0.0834653220782138,0.0735107169982469
0.4755097646198062,-0.08436450039377921,0.07327434009517955
0.47350559556870725,-0.08316629270203652,0.07465217272477898
0.4792321757937306,-0.0829478901667752,0.07014456914429182
0.4773515260843706,-0.08561714210106483,0.07087366535094408
0.4745793691409441,-0.08176594758720235,0.07437403390484701
0.46576185247160995,-0.08097205824738804,0.08140728612014458
0.47677212987295675,-0.0836798250129581,0.07214038670461997
0.47492277320365944,-0.08465300237114394,0.07511838883638625
0.4737892218897896,-0.0832403188831515,0.0741127822867696
0.4785958390635997,-0.08340381356505411,0.0690987412758162
0.47527089039419185,-0.08349619698466425,0.07412186728591821
0.481849372151919,-0.08390188933618642,0.06859243122391556
0.47853639360214156,-0.08211510823878428,0.07114860146521462
0.4747392678514074,-0.08317556296352345,0.07403159148145827
0.4730993719684222,-0.08255796702068219,0.0755200049767536
0.45588424625548113,-0.0792577918383287,0.08853233979976952
0.4755524433188972,-0.08249352267766913,0.0743440797000057
0.47237602754708574,-0.08294233536534874,0.07634684557040022
0.4836105138897418,-0.08408008216484622,0.06792127223300276
0.47361129626113674,-0.08219885438283209,0.07451161965024417
0.4739359864916374,-0.082762706200039,0.07449785402540407
0.4827034893071177,-0.08341168447913952,0.06720877258698812
0.47212036485842535,-0.08205988164539431,0.07647348578531632
0.4750845893439647,-0.08298136498086801,0.07446372298519358
0.4927537419451604,-0.08965092396486031,0.060652053672074324
0.47567681488109126,-0.0833800528077672,0.07384899770901845
0.4813103479423003,-0.08501980224610871,0.06787956346118978
0.472049694708234,-0.0820412646554421,0.06531640578388936
0.47438540884987346,-0.0802389536642876,0.06658482778069538
0.46898530394489196,-0.08094086059953914,0.06802607434664398
0.4798696786065405,-0.08445475462165972,0.059547895725782174
0.4794914275528692,-0.0816850962477778,0.05960693080651447
0.47789658855061345,-0.08214747226411144,0.062282936944928646
0.4719826184742463,-0.08136595588943325,0.06757214793304789
0.47047376807355157,-0.08169932501519389,0.0707678270478882
0.47473114557706475,-0.08270357755103198,0.06909137706930507
0.477074573475065,-0.0839950285136384,0.06935940989601383
0.4794911990897165,-0.08414566125064385,0.07253629485937912
0.4754732900833716,-0.08249506085198316,0.06541091380036251
0.47805581931514407,-0.08250654968232915,0.06228195783708246
0.4791286090806955,-0.08137356879964205,0.05937257462545159
0.47115633201442064,-0.08129165655211755,0.06871979087121838
0.4730766190773583,-0.08125631413108331,0.06615936904343861
0.47166152847160564,-0.08072532663030299,0.06980534538770763
0.48303447119700454,-0.0817875063561131,0.061742368573697914
0.47648538269878665,-0.08247531372144748,0.07282417242965122
0.4768007101489254,-0.08240779032460037,0.07300401146480881
0.17373247320721144,0.014423269853163901,0.3256618561385132
0.26083463725222833,0.010165098655589974,0.3156102210821028
0.4936540869371377,-0.09943764611345299,0.019620487740677317
-0.0383177545502785,0.044130810203511936,0.5589093171800067
-0.04136627639530885,0.04079981326711221,0.5566317126462662
0.014646603824489624,0.029719927965782683,0.4784205973813771
0.004528914680482415,0.028995491508337516,0.49472668302772893
-0.007504548083491186,0.03282908532463996,0.4929073848074375
-0.0012449412242742375,0.03431092146322867,0.486179353454861
-0.06711297592212437,0.0568294062752477,0.5533448797478757
0.01412273357001928,0.026110611346947653,0.4726874152299795
-0.013883315966734727,0.03824304121813164,0.505152712973631
-0.02842624930127058,0.038733377902432024,0.5174565127885355
-0.039475062456485355,0.04635927102503442,0.5246439045861218
-0.02678138662422702,0.041265552021391046,0.5128361697615366
0.01855119905771746,0.031354727978271525,0.4688439402616038
-0.011790636008868094,0.03371290119588011,0.49941886329054364
-0.0639137667041072,0.052881041657911396,0.5429104791655508
-0.03101041893979911,0.044749317765168925,0.5224188876400795
-0.008810546246735801,0.03355634079512148,0.49488170881467425
-0.00041160808998255694,0.0338850788846147,0.4832205572682072
-0.021996107736073744,0.04029758906871659,0.5041689703307413
0.01542229995249092,0.027347938800401365,0.4845032702145814
-0.019441152507143566,0.03878151700532022,0.5100141485098497
-0.003328795347650071,0.03133269372887227,0.5055645561570354
-0.02162674639169751,0.04275490947191084,0.5233788437250673
-0.016745651085029872,0.04127711222305458,0.5175145979024299
-0.06296833405736782,0.0629537239542524,0.5627924599462003
-0.018948545697784897,0.04457096166028231,0.5190376405002826
0.02056688333944942,0.032068807048620085,0.4852906748323561
-0.006983421144229396,0.04886132146417366,0.5074273447555624
0.04044614508785138,0.03445720866457705,0.4638293231220863
0.007817507913638083,0.03895503322700855,0.4940421966104858
-0.027998776045900287,0.05193099862148765,0.524516661257372
0.011949707986854047,0.03752928529559075,0.4933499843197007
-0.027087923410166442,0.046523834640403425,0.5112961469900652
-0.021557476070378195,0.04890699975545108,0.5189848731636438
-0.003396396856414158,0.042224419366773264,0.507544634640051
0.028396675730810478,0.030515793473217007,0.4810916436124538
-0.017144610544735872,0.0420999501501747,0.513819995939337
-0.02546415954642245,0.04903822306578519,0.5227480152418329
-0.01001391626841483,0.0447982937060772,0.5076818068413276
0.014253620956600155,0.036079373576336365,0.4829749080361949
-0.024065438883072998,0.04964193986540846,0.5199018186507749
-0.011919552623791546,0.0485081380475971,0.5144581072443739
-0.003429965990643602,0.04317941365751715,0.5074552379845928
-0.03466035183181404,0.05231679377621196,0.5363764751519964
0.02169496055959158,0.03418997762763658,0.49379697137249423
0.0027660800034739197,0.044566469786841804,0.5011693854832571
-0.017586172432594444,0.044326613886297814,0.5056355783978747
-0.04383484679885913,0.05205177248335152,0.5287962027635563
-0.05001403086499415,0.053803213026050345,0.5379207381867637
-0.026124282732338633,0.046809149724113965,0.5196405844214009
-0.0256235976307653,0.04630855149306602,0.5292944710094876
0.4383663576338621,-0.08228248583266973,0.09762800517166162
-0.025769913289338947,0.047868901778267414,0.5221945650563067
0.45588094251708705,-0.0860862353174025,0.09003287378206992
-0.0334869316999572,0.04962272457423585,0.5219278215881846
-0.03449081906392548,0.04817590995125405,0.5234808252090375
-0.008635015578735777,0.04054410027422958,0.5057724003175579
0.008871124190789753,0.03841433823071635,0.4948292193587809
-0.014944652776453099,0.04649768427732063,0.512352975953693
0.4682646381243615,-0.09298646545585544,0.07960575271751011
-0.00917206182932545,0.04033916322874411,0.5040454929810336
-0.006496435276020535,0.043134038892256976,0.5045671990535038
-0.020465219270843937,0.0466708613348016,0.5159193369938809
-0.01957129617131903,0.04577699331796671,0.5183058846418571
-0.03469040042399735,0.051565028041648434,0.529329601690534
-0.007035482129310711,0.0398532902753464,0.510522155962822
-0.04853593347715812,0.05418751648492838,0.5438905001293429
-0.016501548886283662,0.045590046157138936,0.5122517899453807
-0.03183273348859625,0.052761429601927826,0.5253990996525033
0.46890998926785177,-0.09104278439948944,0.07881549832637161
0.48087099774745723,-0.09411307858534962,0.06839155511526424
0.45712898130717594,-0.08754546004685138,0.0854905626931603
-0.01785885960964209,0.04438470779040393,0.5179573849409791
-0.037323177811624725,0.045479846863883684,0.5169904691076117
-0.036146720028377516,0.04297176124666332,0.5312460277322969
0.4653308499664913,-0.08169830308968355,0.08206223161233878
-0.03879063006332231,0.046491144167789114,0.5307654712444745
-0.010103684975681426,0.035031025117971196,0.5083272450665208
-0.026947285398977477,0.04063644714406106,0.5245980919913176
-0.017806955223790194,0.038217810970222636,0.518603670951714
-0.059479886342153454,0.05540831608633999,0.5429885535826477
0.009365656567175473,0.0316741200240886,0.49368382403338895
-0.02873499681810962,0.04354010401708751,0.5220409415241636
-0.030278540792511466,0.043037102053141665,0.526823378428608
-0.02908373141102763,0.04230807012725718,0.5276077463284714
-0.03465408005374637,0.04433486812297452,0.5319235664080956
-0.01715672593428713,0.041189294699344764,0.5160913098204223
-0.03805740636631219,0.04757050484753014,0.5353039784256004
-0.0717073578133261,0.05644613583023239,0.5625719121418384
-0.040558334510839095,0.04713158214289551,0.5352025848034418
-0.021561815992150596,0.044092574107975215,0.5203371399830448
-0.006387964565126386,0.03806491253163347,0.506086678064968
-0.007740486415173442,0.035813452917832805,0.50366551436746
-0.02087510362022002,0.0413044310192045,0.5156861298661402
0.47388733369439295,-0.08736367969928882,0.07591992483498913
-0.010255290507786924,0.03423480960178383,0.5048569431195343
-0.025928548411660007,0.04194375832485585,0.5255743297367474
-0.04090332767206328,0.047684763550732145,0.5340669782717498
-0.026427172895458206,0.04236968884505915,0.5219466440632207
-0.041485774771159056,0.051248282490063184,0.5318420830882488
-0.08073631723033103,0.0609655361999425,0.5673738965701636
-0.013295898684858448,0.03659605467395376,0.5121974214273328
0.45679377753475725,-0.0782693395005529,0.08563722214761768
0.46738777798114584,-0.08607140802860178,0.07890455923024622
-0.008533418145220628,0.03757835034436326,0.5043600243971659
0.48592065209789137,-0.09243064108989527,0.06289087045721237
-0.00917243140731594,0.03695705795680141,0.5107325796525647
-0.04027697617440032,0.043968944593945035,0.5319459019882439
0.00623501539869975,0.032043381095420126,0.4971431227310936
-0.023490806772361816,0.041647996043978064,0.5195000287603966
-0.04483728333967141,0.05022181210549207,0.5365032865711515
-0.04526548638129599,0.04939693287924675,0.54178356609307
-0.038797613460823666,0.04660539813856746,0.5319658720619107
-0.04039765969188336,0.04919512707889416,0.5364464744538342
0.47014798698400695,-0.08608368550197112,0.0765926625647507
-0.02555014620072163,0.04232849420552939,0.5180474100860806
-0.04645488996892938,0.04787065363696723,0.5404695957196495
-0.02350959137217773,0.039789621569316744,0.5172751215400194
-0.02082580320710628,0.04140363516363188,0.5172835699025946
-0.029344775778067406,0.0422983735788585,0.5180196734433646
-0.028389425770597776,0.04093929147770983,0.5278207074832503
0.47483910226803777,-0.08786171626045335,0.07388958273477175
-0.03225215873482201,0.04449630241499862,0.5294514097721367
-0.0022819278058062997,0.03487124922181073,0.5022766096983414
0.4639613245144453,-0.08492699391413555,0.07910903107445655
0.001487038929670198,0.035910347335270536,0.4945465832874124
-0.04805732045800756,0.052387883366039126,0.5391723959205887
-0.025716315153841846,0.041369828742706186,0.5235606905102905
-0.028213944975207877,0.04474400503586462,0.5220579877510363
-0.030767541796068526,0.04277960729447297,0.5299257203506196
-0.012209105750330157,0.04274793434085551,0.5067038429348603
-0.019935978409130528,0.04190024506001082,0.5129704454379059
0.01640452287779931,0.034280720786782376,0.4821397580951073
-0.01875177791063498,0.0435242031454325,0.5096948152219172
-0.012797940917637834,0.04358745491352278,0.5050563163775676
-0.047965215522482785,0.05126454178834952,0.5380443754050251
-0.022813133444399947,0.04319606190583336,0.515672914432352
-0.03264703140471786,0.046507239858843225,0.5252996548815525
-0.005498318180397421,0.036544952132884105,0.5002594367388384
-0.01338934867901953,0.039464725011554486,0.5082433355281546
-0.01160955031195346,0.03785396869989881,0.5111628190221751
0.004304949250447304,0.03909583714645696,0.4916555752475999
0.002323174524851701,0.03933493323383287,0.4980073820516583
-0.030275415095343428,0.046911950204246544,0.523296128916678
-0.004023658064469138,0.03457912470258833,0.4995748146436203
-0.008912386672815437,0.042104426040100416,0.5052443781861844
-0.05822781572799576,0.05643423850983077,0.5464901681539144
-0.0018505902559989573,0.03460889527701776,0.49949730293904115
-0.0025031585419940106,0.03198531764190875,0.5041583924540136
9.665351606422123e-05,0.03580717232135263,0.5017853154126476
-0.005913893531950765,0.03494088993834134,0.5081836526742709
-0.03516123037842045,0.04687497637996388,0.5276741052022681
-0.016980473561905074,0.043934831932467125,0.5115246631192976
0.019095685536548973,0.03525065081323186,0.48230886591464384
0.4560155096120205,-0.0859024662723432,0.08859842541232621
-0.008880387876765011,0.038788163446755536,0.5065329325892216
-0.041736482127885444,0.05170172049494577,0.5323336174012663
0.48366245669305424,-0.09523134089809326,0.06409830758888765
-0.003504753638713498,0.039429636485849955,0.4992233329453287
-0.026943716417958757,0.0424525784964672,0.5204947548736244
0.440206466708403,-0.08184230386987172,0.10122247976908283
-0.021025638870388913,0.042985407487769946,0.5159744057602975
-0.011785698717017318,0.03935011443530646,0.5121385746283227
-0.06948842706340885,0.05952544832732165,0.555023696435847
-0.0014546614643092537,0.03747104926817198,0.5028849431530911
-0.006114535202545179,0.039588033020359605,0.507981184357716
0.010184591401666804,0.03049846328709566,0.4970292974919892
-0.020840854396483033,0.04240642822472768,0.5181396453384349
0.0038826810126184885,0.03440078241921438,0.49814486876332903
-0.014538805786537767,0.040651552250271394,0.5111429652734023
0.0208331674195463,0.033285181568239466,0.491975041473085
-0.005292173322373167,0.045815796984498655,0.5179985587633258
0.0022714373459732096,0.04008916357420041,0.5099013014533722
0.01279061447057217,0.04220518713734003,0.500483391590649
-0.019995066123450173,0.04129472245480539,0.521210411493997
-0.009304148497715464,0.0350066546704116,0.5171965782850952
0.012970297168597017,0.02842412485529694,0.49125540222076264
-0.03832423419467765,0.041220082608868544,0.5435113212669545
0.46494746389676267,-0.08226137638812359,0.0744488952588421
0.46258729356186956,-0.08309777114268573,0.07369872020893967
-0.006374556104168483,0.0331047147998588,0.5101823258757376
0.4771833383849162,-0.08888150540412494,0.060461250231840374
-0.025934378940760505,0.03601163509206449,0.5390035190359376
-0.046402186427994235,0.044095608923503296,0.5436406565337565
0.45967453590214374,-0.08219972078978963,0.07790565756193565
0.016271943039694425,0.02904944315418603,0.49382749190984127
-0.016380608702016325,0.03617838219438614,0.523543612492669
-0.018855685590072724,0.035048145580678314,0.5252892485062887
-0.020710160452832443,0.03643830904233367,0.5264789370487086
0.4484026247986489,-0.07862291180460085,0.08751625294885351
-0.0176904595160296,0.04044710774547538,0.5226533014402781
0.4777673198068061,-0.08586608213794907,0.06455264144929315
-0.003349154742909921,0.031378963041487906,0.5048041508625022
-0.013243006262167706,0.036866598614302803,0.5147019148850809
-0.00861298349887743,0.03584807382614218,0.5079413403990722
-0.019901170369834215,0.03820335514123449,0.5237532112107669
-0.024779396021498507,0.03720097156358028,0.5297942098175511
0.006221110535070601,0.03023631429905929,0.4968056306926484
-0.03227761800909967,0.04296017971255479,0.5322797447405163
0.47261568579366287,-0.08676324488061071,0.07314895841365485
-0.012928020276183394,0.03460835426927289,0.5161513423933303
-0.02562464962286848,0.03866797663158782,0.5270379846192554
0.47306203849898476,-0.08719318845311216,0.06825360974506312
-0.048629578498291415,0.050691282122586355,0.5468449536290244
-0.015635934179321354,0.03910442495674521,0.5173933571294135
-0.05061881382364536,0.05267120333119826,0.5509328424806563
-0.047933977026793445,0.04819737838975456,0.5464656407791336
-0.08119650645096405,0.06403642147156009,0.5797410279388678
-0.03379450925668506,0.04841261289478375,0.534373625165957
-0.06843813340407523,0.05927295320270037,0.5653607280363824
-0.06526444456340064,0.05231884674365703,0.563932975652435
-0.007947778777262604,0.039566018412657944,0.5175720338211075
-0.0616739701496912,0.053980791325645955,0.5642943180265834
0.4757932436668945,-0.08273993077670697,0.05784339262427299
-0.055618477113705406,0.050747193389186235,0.5568459040441606
-0.014152332406786178,0.043854080489340815,0.5182269326584282
0.00982387543702623,0.0358642056703183,0.4986182237467223
-0.015172836433428732,0.04394130570735175,0.5191863742155086
-0.023422344075274437,0.03926994083937156,0.5265781613601828
-0.019941282719815157,0.037231042888865404,0.530146073599028
-0.02923078198822865,0.03912960182500291,0.5302806502279807
-0.0980367015064241,0.05589380766562595,0.5685059125054387
-0.033817236220044344,0.040199681371988316,0.5174570650809349
-0.08876556677134656,0.05630647207983556,0.5603674127829598
-0.05160015026510001,0.041470191086214074,0.5343760896980574
-0.024689549109387615,0.03677502909413699,0.5172125241573103
-0.07265273428401342,0.052849318703974565,0.5579554661783009
-0.022087912933458104,0.03524969327489218,0.5278590692927774
0.48797194754533524,-0.08441297009333511,0.05997542351558263
-0.025111380225198876,0.037112792900232554,0.5238881670214418
0.48950371827553446,-0.08501918868956537,0.0604257673930223
-0.0580138607138721,0.052156006071124396,0.5510941804857759
0.45669579783267117,-0.07686524365316605,0.08337269783006862
-0.02405033523789149,0.04301520169818241,0.541273056688069
0.46109683561053705,-0.07840288499152924,0.0695111546059006
0.4854082309698118,-0.08632820895751075,0.05700689319054744
-0.018235947192215857,0.04174700673392118,0.5273454534851609
-0.010947757598487928,0.03629070815584202,0.5190575552191686
-0.03984575201765464,0.044981940239050916,0.5315418628825112
0.474034435114551,-0.08218608126959204,0.06849074857794868
0.4927606994969045,-0.09089253752954511,0.055780442488102905
-0.016237584558549734,0.04142214127327162,0.5210802945331096
-0.08930702898081819,0.06220638860549496,0.5666752612306271
0.45747626488591686,-0.07835272685568952,0.08716172466956812
0.5063714880684486,-0.09344761427036946,0.05199589027893148
0.4794392281000627,-0.08454941316121606,0.06677888562184506
-0.03323703561323649,0.04432379106345572,0.5288036926913169
-0.04410573793294836,0.046798745708223545,0.5354092776488546
-0.018293622315305624,0.03762980883149235,0.5141477470080669
-0.04107328128820928,0.04259726061089118,0.5307928520914786
-0.054805995104404454,0.048664780034575666,0.5423929361440882
-0.05103863728832789,0.049074663951489,0.5386964390039386
0.4740577153945521,-0.08321900145594718,0.07482009646898813
-0.0282039165188451,0.040580676967378174,0.5213015834161929
-0.030056259423901915,0.040726957309629885,0.5261005451035309
0.47653680521538166,-0.08269004026299184,0.07181499772154998
0.4702287620985135,-0.08289623710840426,0.08157723631562822
-0.015377925953486637,0.03865434443486067,0.5247592631564809
0.48143913613975764,-0.08649651439431598,0.05774138696205078
-0.037348343838944476,0.04613190809638596,0.5399614126881542
-0.019179695004839292,0.041418047725586646,0.5211099057419122
0.016210702793699017,0.026973773152135054,0.4920982454804589
-0.05207803495511382,0.04615023489710801,0.5485255364631718
-0.03405051913667695,0.04543506353191823,0.5335893715185109
-0.009454437196527748,0.041021653350291565,0.5132764638116187
-0.006709893222570096,0.03733270411609117,0.5180562766391736
-0.031690624729197814,0.04492715491472747,0.5367175545490995
-0.06245882845306183,0.05627053616275954,0.5584805084492741
-0.050775070995495164,0.05179535381583612,0.5482927093942951
-0.040078099494092745,0.04510798336597348,0.5346828598129227
-0.027588939079409264,0.04565772589403736,0.5270137899260102
0.4621263409750372,-0.08278199417943344,0.07917974320560689
0.44479186536720267,-0.07531614652165386,0.08852758935145438
0.46812622712040564,-0.08314910777110482,0.07341621091981562
-0.03429305593857343,0.04746286500902633,0.5318961627054368
-0.0315815875189453,0.04784373630514974,0.5299245734696043
-0.061094176457742205,0.058989624698826425,0.5479942168029415
-0.07464512443129198,0.0622627312769499,0.5630181392109497
-0.023899498588199425,0.04316118324852959,0.5269460729480958
-0.0671385370381688,0.05685599392896908,0.5679081097261469
-0.06662623577233573,0.06110925154099806,0.5580205772364237
-0.06369241315730492,0.056168293278841604,0.5553229056882976
-0.0428607202709482,0.047822652254898956,0.534950663089024
-0.0759436191213402,0.05636322313719212,0.5637241275401552
0.47799479087540053,-0.08338281407168721,0.0674911093952382
-0.0035021114247778262,0.033349537762230166,0.506549664819983
-0.06578224179536907,0.05746079140337978,0.5601038455363352
-0.009764162078984673,0.03588310928267792,0.5121231915383133
-0.050021128526385544,0.05154634809922826,0.5447896100948545
-0.015016362374280279,0.043101532979769173,0.5155543088143745
-0.022674123640962135,0.04136535145581191,0.5272902106142696
-0.017892591515561412,0.03784769971871978,0.5200905223229626
-0.02373419280928843,0.041615726246462634,0.523525019713054
-0.05511732073909839,0.04941901500325543,0.5496299634694259
-0.05744505794903604,0.051740115853505866,0.5527142272902785
-0.05058234589002708,0.05119554636999396,0.5469572839161866
-0.061086198610647485,0.05371121990962802,0.5545194095913809
-0.02193071627318663,0.03962244350373531,0.5221933637231754
-0.0048100256883626125,0.03529219180121694,0.5086871827316308
-0.06189048312898851,0.05357064026962808,0.5537611376007022
-0.01743955733944222,0.038953583984241126,0.5195586137838982
0.4938049944567602,-0.09088960422880954,0.05678041758363925
-0.012206462130147283,0.03618198275967557,0.5103717465746304
-0.05586404249916971,0.05154043842721057,0.5505874012088563
-0.04382105447723117,0.04616331176779083,0.5385312708640961
-0.02925936243459465,0.042713567796463556,0.5278679771548366
0.4774121027202043,-0.08276581183412225,0.06352467657666361
-0.02430608069228174,0.04148973188323017,0.5274333564670789
-0.03287587561791844,0.04380079077963092,0.5321335971266974
-0.040125362293815525,0.044778729670421735,0.5377048522639776
-0.024604754528260997,0.041126243208297504,0.5266505323643649
-0.01492771885143726,0.03830997726421357,0.514258680480115
-0.061253019438297335,0.05669889131459577,0.5550124810367829
-0.08434526204638448,0.05697994222497384,0.5782603404981419
-0.05475690594666993,0.05276789457527793,0.5526831917217523
-0.0374883680324021,0.044667597202510984,0.5363169685532224
-0.00591280002741057,0.034394133795642594,0.5139465005200794
-0.011540737707154303,0.036401294623444144,0.5193429542146404
-0.0003719332083626792,0.034174979324759484,0.508703801818865
-0.05263702367687256,0.051751537086318536,0.5574837466690558
-0.0165106194433553,0.0388083693758658,0.5203943835811833
-0.021153728431876684,0.039742578557524846,0.5276767539533322
-0.007487745274315227,0.03627435491230679,0.5098686577402629
-0.007845430057896507,0.03653442323585424,0.511063777044142
-0.02255932561886706,0.04021848940625911,0.5231037689844051
0.4567375610747132,-0.07822038312621196,0.07733462210501976
-0.029747369522681255,0.043185240236720726,0.5317552095845463
-0.020069044308289874,0.04209547671256095,0.5244622996660352
0.4574067202065684,-0.07893380772274075,0.08090551922296499
-0.01056861028757014,0.03779156511782711,0.5209788112280997
-0.06605171879613553,0.05492314529931537,0.5621721822722677
0.000527382901910789,0.034507022159279796,0.5095801424900102
-0.02509721346843702,0.04207005337054782,0.5313059823983408
0.49491803671964274,-0.09156453999073928,0.04889286514265856
-0.0473772025529669,0.049544774719927714,0.550305646377315
-0.05800824265282675,0.052535873753734946,0.5572820643280634
-0.029043319343650953,0.04392545441208419,0.5356197940202314
-0.018203714209634986,0.04246191334888205,0.5215875864726754
-0.04227028272793404,0.046029609517737144,0.5467618676292815
-0.03902711516039173,0.04761998862231207,0.5408744182180447
-0.03499550582611494,0.04595431142989495,0.5374458696329589
-0.026947481348365387,0.04129939411983734,0.5293979500707826
-0.0053383509762590375,0.03472865121923605,0.5161921792038128
-0.03253497566407154,0.04332613691771378,0.5371212127828189
-0.018072216919534756,0.0389475065886454,0.5273923887134511
-0.03233058310957293,0.042016773614352736,0.5398659074992401
-0.01613011425365382,0.04106362787412218,0.5192917928120571
-0.03076239770562969,0.041854319715017116,0.5349885390875255
-0.03478941507760727,0.04657242323931293,0.5372140109241763
-0.02833134546531793,0.04245616003408815,0.5322744674576291
-0.07045519511749473,0.055947897315488666,0.5651194046667056
-0.016623716264774296,0.03642019785644708,0.520596084940445
-0.049298933651368615,0.05295651062164399,0.5503062318130731
-0.06206819688281709,0.05488089357194107,0.5594428001040319
-0.06947941885797859,0.055964301551894094,0.5696111292959072
-0.05587440766838411,0.05235192844485615,0.5514328317805053
-0.024849033134254378,0.042193306817465644,0.5296531464014052
-0.04877466235220282,0.050641094542577404,0.5474464333538236
-0.009711354400009975,0.03382386665336847,0.5171159102452861
-0.020880054036314155,0.03851594261304077,0.5287895487681197
-0.02778825887564229,0.042506510533314695,0.5371863635868073
-0.030586971286431897,0.0434005439910652,0.5366684067967368
-0.007417562300978925,0.03436695153862437,0.5180785992379041
-0.00358599208729643,0.034815953316085196,0.5139051219949102
-0.0665431190295778,0.055952957318404245,0.5624274011913778
-0.02533566571551657,0.042276858375997185,0.5293351262814114
-0.0095237832237198,0.03668277557196748,0.5192372303753282
-0.03437536125131563,0.04523021645191961,0.5344853759270141
-0.06778446408446429,0.05552598133663026,0.5654834820262946
-0.06677116555271537,0.0576019183176427,0.5600863628899577
-0.06554938657254114,0.05626908148462532,0.5570860906900063
-0.01131159657904296,0.03815276875257986,0.5213646516283853
-0.012386831400012233,0.03916894938078827,0.5153926078113039
-0.058389969520002305,0.054268547796499235,0.5569704116805516
-0.0369475279038427,0.0460786114672974,0.5415262272788246
-0.06172042576519479,0.055209922558347335,0.5544477259748238
-0.016880035895145,0.041208773006277746,0.5262916139870089
-0.03571803078567906,0.04803958229386101,0.5410577708933517
-0.08307301910894496,0.0621472698245776,0.5792163823570899
-0.044042231267728826,0.04921964463228083,0.5432337855373985
-0.04280199678596103,0.04815890560445395,0.5481536034902992
-0.013375081053436877,0.03803480057703496,0.5194750940335124
-0.07695858758458582,0.061283921895363094,0.5692703488981196
-0.03335371883625554,0.04630755104578446,0.5340904049274895
-0.030069053030023857,0.0444530241068027,0.5340192982808409
0.47199252989968843,-0.08804995021187365,0.07006046966022234
-0.017492487860617523,0.039616008290962915,0.5247483307903299
-0.005458345305728002,0.03647809375262671,0.5150313440704318
-0.013552006795125027,0.038249516271468983,0.5226810683295925
-0.023806570701642493,0.04381152324953948,0.5263827367023364
-0.0278733961888937,0.04291947527590005,0.532963423455322
-0.04720351001994774,0.04920631306891721,0.5497259457812776
-0.05478038330690052,0.05517845411940942,0.5570766808944718
-0.04595524547837829,0.050470645847576635,0.5435453882863872
-0.056093827168896826,0.05474043174208423,0.5573233112045539
-0.010115609929285924,0.0395107787114473,0.5153378374160782
-0.042880014369213626,0.05263281569748092,0.5451284812152941
-0.07715612394557803,0.05889525859879377,0.5718806211054064
-0.03154547396178867,0.04575713219993871,0.535292756199779
-0.015657255543936183,0.040490883275387975,0.523211370437692
-0.07096658148991436,0.05706781454874134,0.5656014950567194
-0.01732558872246706,0.04207450167235219,0.5229846376785547
-0.060231807800163906,0.057088908256818074,0.5590524752204449
-0.03816676847031497,0.04658992414201936,0.5421366899909298
-0.013320935063950767,0.03901698596803854,0.5182711449109191
-0.03401400521658329,0.047391192582160124,0.5354141087239238
-0.019665077539823966,0.04289911129933963,0.5213191250560526
-0.055292601543905445,0.05090376109509249,0.5531696196790783
-0.032891336116503384,0.046316169848403484,0.5389018347247787
-0.07494960347408394,0.06113719718300064,0.5694802020004526
-0.02214916855731,0.0413122913508781,0.5277879635420895
-0.03537874444778341,0.04608526013611758,0.5369016191725537
-0.027986695631154745,0.04483799635940046,0.5329078764475287
-0.048443444557879134,0.04974406308737023,0.5491314850784815
-0.0901779112475839,0.06782695337022418,0.5871565897481634
-0.0666062793820647,0.055850519913911684,0.5690323168309259
-0.036036897552281066,0.04748709457562868,0.5406111540458369
-0.017940682875867087,0.043501120223101195,0.5226781121444157
0.4866227964060607,-0.09303325651931788,0.05439476795630571
-0.01993817925719174,0.043977382461008394,0.5164127608842016
-0.04855224746872416,0.05011338239228885,0.5480851556484403
-0.019978967380371443,0.04329383929023128,0.5271377247282882
-0.026844782083279256,0.045648046339772305,0.5325929774053839
-0.07070776645024593,0.05978541808200242,0.5688970103141318
-0.02092186130357923,0.04315764941852369,0.5268506866915993
-0.025791402296749033,0.04118454935449339,0.526161676933519
-0.005676451443798081,0.035495492682926774,0.514372816595897
-0.018583409296488246,0.042036636734855255,0.5209811100445433
-0.018506956999126717,0.03951912695738596,0.5215912288445235
-0.03503347177274224,0.047709938516003206,0.527038420500634
-0.007854176792401774,0.036689066947718035,0.5121135847049703
0.4581654366294714,-0.08190047002814427,0.08109328237140234
0.4775634308118465,-0.08660336778322392,0.06309102062073585
2.8503949199454315e-05,0.03521255138187383,0.5081479137890743
0.473672291584902,-0.08298353251024443,0.06356524271479483
-0.02885608089950531,0.04299658282807009,0.5364831549569511
-0.01515353481958559,0.035378819146928545,0.518716542574616
-0.02017571681215835,0.03954136958663079,0.5212011474634843
0.4923952609137654,-0.09304606793065422,0.057244555241984435
-0.032985916439665725,0.04701886769744203,0.5279008998043291
-0.03074054055605932,0.04787530440908207,0.5252774456594101
-0.06255774671777811,0.05397748219725933,0.5647685791725584
-0.02290529338596789,0.041439318205364506,0.5287467454270045
-0.019986670288309916,0.04141618140583517,0.5242257313939719
-0.06841806058965619,0.05532005250400557,0.5690053933764574
-0.053488018425405764,0.05332186548734992,0.5551556986624928
-0.011270825001587187,0.04093283236352601,0.5176791825671435
-0.019427603988410702,0.039357871553044876,0.5245420623385623
-0.040017942583511934,0.050123354854875554,0.5350512885402586
-0.03469940038966979,0.04869070767915151,0.5348143248262973
-0.0849836505168054,0.06371856243176299,0.5823565677723626
-0.0422360118024539,0.050383971943911754,0.543600280404477
-0.03405245060404943,0.04833474009590458,0.533182517482861
-0.02296996382771671,0.04343332011906588,0.5267015133851776
-0.058370565360969295,0.05421262630066567,0.5573597232407708
-0.06213808613162786,0.05643182712355882,0.5672706915082782
-0.03185082450350518,0.046859907244141255,0.535421252743774
-0.030989846830810103,0.0463965184471619,0.5306023529019995
-0.008165091507018968,0.041638744211409,0.5089896161437897
-0.03673009790152243,0.04845060785903158,0.5382007629546742
-0.0331780184304232,0.04865538555358823,0.5323728514399004
-0.052020581848807534,0.05571283722783876,0.5494811993569069
-0.029181840387130037,0.04697889046832322,0.5309864918332089
-0.04690481593486334,0.053014000552099996,0.5479567658490576
-0.011516592381051599,0.039885982083569096,0.5168955565045267
-0.07824122005484666,0.059363837405225925,0.5721222906512797
-0.04975595706617225,0.05294134965152757,0.5485987849555807
-0.03575634282313575,0.04619981525334249,0.5355769701784081
-0.0729935846468581,0.059099885163365395,0.5697624161037566
-0.028609039855948953,0.0443666003121268,0.5302637508601021
0.4710207486805025,-0.08674341687020301,0.06871012822359765
-0.00987618152692421,0.03640970380962902,0.5205127357445324
-0.04342609415582538,0.048867375289869244,0.5489567642194879
-0.006721595057173152,0.036159199790078214,0.5165872586168792
-0.030059425002893242,0.04183816675407445,0.5406700066917005
-0.03898979902659758,0.046676137778709104,0.545524294642133
-0.05222202983581317,0.05402125892933181,0.5484901389089564
0.4685898329451422,-0.08648725592352352,0.07472427371023163
-0.0038251711193198756,0.0338623448549744,0.5089805194179077
0.011548611111047047,0.03020398693205306,0.496182291798749
-0.0662849054962325,0.054958444069316895,0.5631869252853676
-0.0534069446758936,0.05417764555273499,0.5533771473206611
-0.044007937822123616,0.05245528120703047,0.5451909920633272
-0.012632859473638042,0.03869094204756351,0.5162306866358896
-0.02333847305280798,0.04332500803496362,0.5278657609805172
-0.06560177173520354,0.05701191187407233,0.5645398873927998
-0.015092090778742656,0.039925309377891356,0.5217523362872047
-0.019725106515718904,0.043776963888992285,0.5243166950970546
-0.060621111493945834,0.05582867611573472,0.558091522216916
0.0007520818882279512,0.034347690112541275,0.5033981985482976
0.46831687502027197,-0.08416786897177327,0.07035599376534366
-0.035223753339841374,0.04412361257989774,0.5359325421072467
-0.011807042641993226,0.03713403300837331,0.5227715986393943
-0.009160998819894267,0.03827495597558776,0.5163331432226039
0.4675903802505206,-0.08509102468372415,0.06666542553165047
-0.01000617923183042,0.038330517908822206,0.5180508018020559
-0.03669255989420844,0.0476718523305344,0.5393603415580007
-0.024050885553976664,0.04378899281055085,0.5263598987257591
-0.06600195384460691,0.05455039405583816,0.5661817039505863
-0.014831616283481064,0.04088012564813963,0.5246123491461934
-0.016029327635350143,0.04102219021864108,0.5250391626253227
-0.014535892990058807,0.04284363702380859,0.5168217502254757
-0.02548378876982227,0.044701755526048374,0.5283913779182063
-0.08160356190973217,0.06069835513424856,0.5798137342781486
-0.08133585055621415,0.06278016924738317,0.5768620604379913
0.2269393635181489,0.06931138250652484,0.3122485691989236
0.4571079703098738,-0.07949554293125187,0.06740874503979305
0.4656126751708696,-0.08093368500955081,0.06458146922890423
0.4587381140113488,-0.08346856115340276,0.06827988340789715
0.4603395967995897,-0.07979099185974796,0.06659700186013556
0.46052461977893877,-0.08221141979328053,0.06897043757118876
0.45727691173314466,-0.08119025992595544,0.07052055409052194
0.46131960561811025,-0.08120966525853451,0.06947241234592688
0.4650132926573313,-0.07992534699074093,0.06783070139778191
0.4633851413624194,-0.07362580490144627,0.058167431833828276
0.4596114787319616,-0.0745271802486892,0.06343923005025104
0.46469541320045393,-0.07366121325279602,0.061655618657517786
0.47075779804109424,-0.0742018050360606,0.0601751304448257
0.4664699872886312,-0.07218769796939824,0.06648979223228513
0.46981690968704914,-0.07453439776968228,0.06832827460855728
0.4669278165541072,-0.08110927567408177,0.06848678812009662
0.46731908485017293,-0.08075453336147298,0.06930153720689203
0.4645681753469786,-0.07998562689269433,0.070653738192208
0.4627952691162657,-0.07941520551335196,0.07068946542149307
0.4646484022529207,-0.07830167591041667,0.06772402116461812
0.4669205164725546,-0.07482415382921949,0.066512746079672
0.464760953292619,-0.07529495981728905,0.06866815036400942
0.46161025348712637,-0.07539668629499309,0.07302102874317573
0.46757823864684267,-0.0802420807071193,0.06761227754463095
0.4629163890599426,-0.08017535577598102,0.07030770688127719
0.4689530775056032,-0.07948207728870527,0.06523306562853864
0.4631636378049123,-0.07917047401170446,0.07094052516811744
0.46306724609148275,-0.07964190885708425,0.0730644094751669
0.46764876574115877,-0.0809176978903837,0.06913471565704438
0.46621362497920005,-0.08265302514780061,0.07119849856410199
0.4651494158307917,-0.08122286248429568,0.07117808449860008
0.46765891014518923,-0.08130074222980307,0.06885385667508587
0.463609555191125,-0.0815852755189308,0.07388614911708175
0.46388729954533114,-0.0820326411822999,0.0729385677894892
0.4643349679878338,-0.0819196641366183,0.07394786148225813
0.46589630906844054,-0.08279133522600204,0.07289729315612392
0.46319294044218107,-0.08277175455499175,0.07528480081447242
0.4646011421721184,-0.08436784020179924,0.07465564262774149
0.46687718255252586,-0.08447487001862385,0.0723664717092371
0.46533485876328373,-0.08462157247932064,0.07315453797346666
0.4673786972353519,-0.08515115911660806,0.07300767649265133
0.46401348371746326,-0.08479280136570339,0.07539841023812649
0.4638458134230569,-0.08561151909800926,0.07595852889053059
0.4672500918741671,-0.08588080865958773,0.07384410855992934
0.47128501987083365,-0.08753630323037673,0.07055594381144625
0.463796215604214,-0.08692152876409406,0.07771630177572936
0.46394232203396213,-0.08698856307308059,0.077872375181432
0.4654217019073651,-0.08772813172401342,0.07690101908153102
0.4656445090853239,-0.087123357109915,0.07644476404509704
0.46434421658627395,-0.08785196478756394,0.07795167739952596
0.463877524663466,-0.08683305026265337,0.07773914522447598
0.45816143965776945,-0.086042217613679,0.07029096598369011
0.4582337020300161,-0.08565777018994099,0.0704233882566741
0.4640456673777751,-0.08700587520039457,0.0684728818842365
0.4641489759947064,-0.08780726140697027,0.0670624780671914
0.4651133725101153,-0.08690672667495955,0.06941116862426477
0.4657876158444236,-0.07742633055686937,0.06729138247628325
0.4627254778485528,-0.07869390089916337,0.07082471902406079
0.4649676417528489,-0.07900914842131242,0.0701644723977114
0.4633671969320403,-0.0788971177000613,0.0718381223837265
0.46267590955437954,-0.07910913625895165,0.07079722067284228
0.4642394362755553,-0.07885817635285106,0.06945386704375356
0.4680126153045338,-0.07990025788205593,0.06730464645594919
0.4626052579269464,-0.07964616407709298,0.071351800747811
0.4627830027191958,-0.07939081626528674,0.07334699529613181
0.45972742052102683,-0.0782950915791946,0.07397909264182068
0.4602325443041134,-0.07955810695108763,0.0757060260832782
0.46445284908906215,-0.08006670075488666,0.07117205701203044
0.46170880220551563,-0.0793801502672553,0.07206024251786713
0.4574891033578602,-0.0785896830434838,0.07428247350051459
0.461345549994393,-0.07891526866771134,0.0713439891188502
0.4616351736378983,-0.07989018677292636,0.07150924522666402
0.46341510901843586,-0.07985292222044742,0.07057580795401519
0.4679903040205811,-0.08107797229629987,0.06776240735791955
0.4632792842093944,-0.08019553788566566,0.0706003619961747
0.4630236997273821,-0.08007745024710614,0.06881389666396825
0.46574094813197714,-0.08057283578785343,0.06712814918316923
0.463321584764784,-0.08028551213437235,0.06860852340418322
0.46679330310517875,-0.07984218861249907,0.06655068187846763
0.4620664649554904,-0.07999043488230621,0.0712113396544311
0.46605283257424146,-0.08006283906301584,0.06813225029307679
0.4616953258513652,-0.07951095113918166,0.07030703336320648
0.4660359096087905,-0.08077642624673584,0.06735735936595183
0.4650006867611215,-0.08132208825188864,0.06935058425598412
0.46489790938896064,-0.08110466866205876,0.06922918786263493
0.46317553132278244,-0.0805330536991583,0.0705272128160998
0.46558159503349006,-0.0816226039418324,0.08030511658494452
0.4623455647474315,-0.0807703484858161,0.0800101441547651
0.4623562503315197,-0.081490219689932,0.07978041033705982
0.46438143640077517,-0.08175307199100446,0.07373864653856871
0.46526503005758957,-0.08191670136409869,0.07032136655561105
0.4654814761291296,-0.08175219663736563,0.07170123392283495
0.46629329200671427,-0.08256737814487747,0.07571600851761984
0.4680884889213121,-0.08189917465234056,0.07379963886149021
0.4622530344028402,-0.08122996336611103,0.07452000946059478
0.46251517855244906,-0.08185909429775758,0.07455718730053124
0.47120803296865094,-0.08256084966797347,0.06793513943804175
0.4674606753684829,-0.08279047296166236,0.07214971072590415
0.46782651121393287,-0.0824218552538998,0.07207367326954556
0.4631269052928799,-0.0824312394649857,0.07448245670553699
0.46111418311235114,-0.08205101926979083,0.07549108188788994
0.46416264502783744,-0.08242650929920532,0.07472178551393921
0.4659965053086804,-0.08281086422236045,0.07299329503944585
0.4644322803440992,-0.08226605152727501,0.07446594059172618
0.47089794992793743,-0.08338692992868463,0.06820324278411827
0.4636328725574165,-0.08279650807227452,0.0741418418715924
0.46350420763445555,-0.08207612568686033,0.07501929134700586
0.4639441341224934,-0.08334329069311,0.07415371583195907
0.4651577557598085,-0.08311031925249811,0.07336871306964926
0.46670460680332554,-0.0831238328594721,0.07192602029961692
0.464843406837735,-0.08361715050721359,0.07309866995446729
0.45892456902905165,-0.08217344138797211,0.07557745423239665
0.46410536526648005,-0.08527804475574197,0.07430049815957751
0.4673534594223262,-0.08485920502585717,0.07055752594890147
0.4641089065608077,-0.08480772868112395,0.07354974969993133
0.46126625310163527,-0.08408908827356748,0.07638682462923668
0.46570655308013714,-0.0794567362871455,0.07298881606502605
0.4641754187671215,-0.07921317100613721,0.07551913250706488
0.4661440440834921,-0.07869852373340737,0.0725804470404175
0.46449720476053635,-0.07945367370282867,0.0740554728418703
0.46510203474356626,-0.0793721502507168,0.07344622676629181
0.460521878838152,-0.078872193915614,0.07816839318910285
0.46233248040689756,-0.07929617736007455,0.07620214028679001
0.46509732764810474,-0.07979132002853187,0.07475783247682816
0.4702991053746386,-0.07958341648125934,0.07077364113946721
0.46600126291527183,-0.07902818381925894,0.07472980692046349
0.46587057570144025,-0.07976446841438914,0.07600409228140359
0.4695124541188884,-0.07964404028983413,0.07276600701516844
0.4645879007273417,-0.07972819105148292,0.075431499077323
0.4634333660805637,-0.07955395652110442,0.07618807201341204
0.46595458271664414,-0.07987918957313996,0.07414606816473979
0.4616399755998033,-0.07904541293478551,0.07806138559555692
0.4652403802898566,-0.07951454904522941,0.07431431401343602
0.4657405209445901,-0.07981079422931926,0.07437965236694538
0.4620888330458772,-0.07790286455264393,0.07645063982773942
0.4676238559545547,-0.07955824641649521,0.07202120977966531
0.46415667353827256,-0.07871174179313317,0.07540139571118198
0.46210602158107505,-0.07845137923296697,0.07717070120823144
0.46661541336741275,-0.07862970627851859,0.07310321569779782
0.460684332316249,-0.07877353292176925,0.07824240201760657
0.4656522103525884,-0.07935995172210096,0.07474464636785072
0.4651731944578391,-0.07872863892048508,0.07455418258243757
0.46771264188509165,-0.0778586116011018,0.07304344492484588
0.4630867522953994,-0.07836803360994332,0.076917167107305
0.46987968467840546,-0.0794171106586434,0.07266281741767372
0.4685679401176832,-0.07896049589568137,0.0722117137101076
0.4669276669865904,-0.07882551179706432,0.07498446152772548
0.4690445325985553,-0.07784093921440137,0.07243997969192001
0.4665803790090849,-0.07826056919817001,0.0757415711126802
0.4710169959671106,-0.07882980193366682,0.0724384855309898
0.4679629779105746,-0.0792971752587503,0.07564419317757337
0.46438279844843783,-0.07807843943984949,0.07792495657813775
0.46480175599229395,-0.07842481953296443,0.07832560573843655
0.4662791079018491,-0.07925472476173734,0.07736195914482874
0.4680664328627467,-0.07839782305400635,0.07660298057039033
0.46923131148302044,-0.07882352381548334,0.07510628487161591
0.46584158737683945,-0.07891754690377048,0.07786972994930336
0.4704581588691294,-0.07934960752611281,0.07394023546834316
0.4720930707129225,-0.07901256350186237,0.07333316863472333
0.4683250138572706,-0.07883102212662381,0.07592287362212963
0.47031716165737614,-0.07852909486423829,0.07515749325068094
0.46767948597080145,-0.07879782296513013,0.07768103351013461
0.4703641273528,-0.07983272136614572,0.07596798818109324
0.4679920517339483,-0.0794880508431278,0.0771765122832298
0.4661204104048179,-0.07861245058799299,0.07812573291604885
0.4677803388940488,-0.07870626358747763,0.07668689740731482
0.46632081958304805,-0.07859945822852932,0.07851083089000543
0.4694463001273964,-0.07991243477392937,0.07699649695001148
0.469606956544297,-0.07938485448519056,0.07590928424497334
0.4689061214933827,-0.08013985801570458,0.07686742658261564
0.4729246671967615,-0.08034261781526639,0.07363402162285415
0.468555187630531,-0.07983391529782284,0.07749602238656683
0.4634786131417601,-0.07910968310776141,0.08011257304089645
0.4663194253070874,-0.08026806920759633,0.07884608522121561
0.46690389490956385,-0.07998636306711304,0.07882658077750049
0.4702826158895375,-0.08098636276437754,0.07564814854136376
0.4659764293146733,-0.08054457895867609,0.07808569522668707
0.4706200502524008,-0.08013619902736345,0.07537868141476561
0.4651977344515438,-0.08042819346712143,0.07908125719491083
0.46503200529080657,-0.08013821890746292,0.07914086808502474
0.4672393206626131,-0.08008955185852744,0.07533632908383381
0.4658480366851695,-0.07996137425679045,0.07642748436924118
0.4657573546167493,-0.0803859572774274,0.07846531254756783
0.4640179398696578,-0.08019132942633603,0.07994168774825511
0.46662619478578815,-0.0808528232664094,0.07845267916305732
0.46863194751623194,-0.08016070440202747,0.07634187661383157
0.4656859218582573,-0.0797835443408825,0.07983292724392835
0.4660259301053168,-0.08068705988184782,0.08177676483362994
0.46661107172677313,-0.08030555132732702,0.07986642185228418
0.47066074403557456,-0.08049882884836251,0.07800610830423643
0.4706339518849795,-0.08095519072839846,0.07649518690444557
0.46921964151324186,-0.08141507105373044,0.07864088391911311
0.4668629015448591,-0.0800798947889485,0.07759112965431825
0.4715594163646213,-0.08198681445098352,0.07564089719370037
0.46787997519475244,-0.07890531834980398,0.07721630259749407
0.4677232334236223,-0.0787060362098703,0.06804144302818721
0.4648116021753388,-0.07863888255064908,0.07060460283924053
0.46176073526007316,-0.07855830317277526,0.07156581114531946
0.46438681339806126,-0.07844317565050006,0.07194695001056833
0.46488065932172673,-0.07888791386684967,0.07381084046061531
0.4664585481577955,-0.07905516736505755,0.07167420973693595
0.46482432190897405,-0.07882814626794712,0.0762165543036743
0.4692640880887683,-0.07917190278304512,0.07494753152978217
0.4753287250023732,-0.07964545915243444,0.07356502998482944
0.46882489482445566,-0.07921772453484789,0.07849383607223481
0.468402617105022,-0.08017754278360589,0.07761808655103941
0.46805171527644296,-0.07940982767427421,0.076950761213189
0.4663943547887899,-0.07932177028642318,0.07844512829433531
0.4678248914144484,-0.07880758030095,0.07644814524249383
0.46411573628735947,-0.07853279331717593,0.07977747310372482
0.46554201264151057,-0.07874641436475537,0.07764696517314018
0.46335815723522156,-0.07772056266815713,0.07995627527463398
0.4682259546518257,-0.07859747366100552,0.0764267364221956
0.46475734789451095,-0.07814697268911767,0.07776865526364884
0.4644519610493081,-0.07825537303297118,0.07774626743404872
0.4661778826710813,-0.07768822858181154,0.07585107965669013
0.46404957401558616,-0.07708574841068488,0.07919587797564337
0.46668247113248396,-0.07848612224036633,0.07709716108923537
0.46630321926716645,-0.07802574725313574,0.07609669499550259
0.46448074308455733,-0.07726094203212688,0.07731096639977164
0.46574905033314895,-0.0775770067998724,0.07687394564782174
0.46134158480991355,-0.07705357223576556,0.07993217466737279
0.46823361103567973,-0.07682278790374647,0.07382895443318949
0.46272823175270295,-0.07681863601987388,0.07862602811960268
0.4662274187306775,-0.07689389819694165,0.07592590097560431
0.46758931773367696,-0.07550115229634204,0.07382562600697856
0.467432675285775,-0.07649322554360857,0.07433712116324354
0.4650406413648799,-0.07518277063988218,0.07534010503126604
0.4636384614858319,-0.07254752357891228,0.07655261925166357
0.46839242503583994,-0.07313218143220278,0.0731749175708184
0.4658757029000622,-0.07291990268603213,0.0752948237337227
0.4624626833899379,-0.08390675711245169,0.07633187973840388
0.4653952410247926,-0.08034730179534073,0.07352424293845555
0.46131846745914373,-0.08042227551119674,0.0770583488481017
0.46760326440271627,-0.08096979860913014,0.07276187182121319
0.46037614711662245,-0.07963285731738749,0.07822047079374167
0.4669694600038372,-0.08095460386803571,0.07257325568596168
0.465178641430687,-0.08118032244160979,0.07492010016643091
0.46663855674898647,-0.0810671365918255,0.07415523288660608
0.4649192402624086,-0.08110317255778127,0.07611172311254982
0.46439525092506406,-0.08114003715914522,0.07625825294237792
0.46773775473374474,-0.0810035984912358,0.07329538190608326
0.46431767175475763,-0.08066655838010535,0.07556666949378166
0.4663554929572362,-0.08124989998148872,0.0744401578699182
0.4653108214718519,-0.08124212448456765,0.07630895645800101
0.4636952515918249,-0.08137107542037858,0.07824017321635035
0.4681622910620526,-0.08143080847707562,0.0746741394199828
0.4670697601360595,-0.08177857469866429,0.07561911476142963
0.4662240129832591,-0.08103256397282135,0.07539155393483449
0.46813482312375787,-0.08170769076049225,0.07496963318898853
0.4653340374445704,-0.08113527417432932,0.07749234346178019
0.4654068778460453,-0.0816153179793858,0.07838525206811636
0.46459933108508966,-0.08192662370370993,0.07839511843046065
0.46246938694961753,-0.0813779647957269,0.08095948954107199
0.46567747797109504,-0.08117309358150801,0.07831233177043673
0.46735132928834805,-0.08132878693454877,0.07648894624861219
0.46807035387977686,-0.0814390716000502,0.07706493620721294
0.4643447046114156,-0.0812047872200759,0.07994969401656402
0.46540737230398943,-0.08137849017194348,0.07875848645481032
0.4665762176934698,-0.08155212874819923,0.07846333728220656
0.4660531470285213,-0.08089841114712698,0.0788951617717834
0.46310267222020274,-0.08098924575181897,0.07973418704701621
0.46339603293186654,-0.08066519798496553,0.08039176250888838
0.46590370687060534,-0.08094376027558338,0.07682260836088539
0.4673709231903102,-0.08078996939906888,0.0771829502809111
0.46794941636977144,-0.08189642642774915,0.07831501605227614
0.4634102372930545,-0.0810355625911911,0.08159143211827055
0.46880369247404075,-0.08169653256098072,0.07730282888464146
0.46550928996001995,-0.08046194604130677,0.078840938490152
0.46565796347812033,-0.08050649494508773,0.08006585146255177
0.46766460021986367,-0.08136569739682625,0.07629671882075212
0.4693247436983803,-0.08139499271118367,0.07521220692922348
0.46896901585122697,-0.08148429116342981,0.07584360865242362
0.46867916215601724,-0.08116530231475103,0.07546020989086255
0.46777692462103937,-0.08093539148062776,0.07683545619290333
0.47069596016256743,-0.08098447010861787,0.07447124386155979
0.4670304587008587,-0.08092752684629163,0.07640608117978953
0.46816016380052006,-0.08004172004267326,0.07525813490334943
0.46451805913712174,-0.08011020873862695,0.07838247930923425
0.4663940974286691,-0.07993116115345794,0.07634281867121923
0.4670909602398518,-0.08043256341785693,0.07673485044424505
0.4661929531552831,-0.08030188936300753,0.07729837307386889
0.4672375815024502,-0.08098772750167635,0.07560383905339613
0.4687718710943845,-0.08121375554839048,0.0751979964092328
0.4660904360773798,-0.07957903939080758,0.07599914374790645
0.46609952488176754,-0.08029671660140397,0.07492313815190893
0.4657459089700361,-0.07960797060290867,0.07532010585098381
0.4640754334137662,-0.07975769547520224,0.07803600711738912
0.4648961366681408,-0.07997376117833319,0.07553346520628595
0.46636114364794823,-0.07983353930104334,0.07481137668185767
0.4616370406860648,-0.07940695899450569,0.0793522428600272
0.46620349790189675,-0.07972666168508219,0.07496559260222307
0.4661373496156088,-0.07993742382093971,0.07508064255127345
0.4654950315854427,-0.07917713000549591,0.07517049730756403
0.4694031915140233,-0.07987439356521622,0.07196854982966955
0.46439556898407097,-0.08054413788851882,0.07674389198426973
0.46772527290421984,-0.08128013317184737,0.07342620977756353
0.46947878497152173,-0.0812954410874789,0.07242304655932291
0.4676189481061464,-0.08166549358744754,0.07399123231843624
0.4639219238539074,-0.0808732983009141,0.07532427432863531
0.46091505120160003,-0.08014342993439535,0.07777027076483817
0.4640363600259314,-0.08052957465804841,0.07579629994876436
0.4657545255064678,-0.08100035040647321,0.07428408951628279
0.4661268250565571,-0.08159024336060192,0.07495743559196644
0.45863439023643127,-0.08014042826780134,0.08091560983610258
0.46359391869579614,-0.08014403435488282,0.07780350825748844
0.4639013297102588,-0.08167301145743143,0.07790969570892564
0.4605386970932139,-0.08120397746428003,0.07884142402421673
0.46228628939274385,-0.0812534690420818,0.0785188386301317
0.4568523283377143,-0.08049350553694348,0.08275739318458739
0.46436931199011217,-0.08183699121967238,0.07765279976329081
0.46199688484276386,-0.08174789229271107,0.0800164702374426
0.4711499805406859,-0.08286612229312429,0.07452442471285808
0.4650251393770297,-0.08285417130525144,0.07791860051654581
0.4641026724456602,-0.08196463955449508,0.07952252505540577
0.466030596785482,-0.08278127685647828,0.07743429171055866
0.4647192490161868,-0.08225908661434383,0.07896398621137668
0.46898322165941964,-0.08258071578487979,0.07492086384451868
0.4698662475631849,-0.08331381062227802,0.0748480869366216
0.46748189069306023,-0.08311030461110089,0.07739688479983764
0.4703456850950528,-0.08361243378570773,0.07431900357653631
0.4723215892252377,-0.08333536925869395,0.07383452875162805
0.46499599152739135,-0.08252665950266301,0.0803802521667836
0.46070475697667906,-0.08132093016006796,0.0818723010230358
0.4644643055936569,-0.08252587410123438,0.08018346252349823
0.4641789177557757,-0.08306947923653218,0.07980227575527665
0.4673707842464746,-0.08387022757665838,0.07814817016732228
0.4709189132670307,-0.08303353608386951,0.07520316274481254
0.46514983343113314,-0.08206268276076843,0.08011243486419314
0.4666254625718935,-0.08217691052936313,0.0787643825659155
0.46652835390297265,-0.08259560457852246,0.07923864168242806
0.4676120801123096,-0.0826013900583617,0.07889341135795924
0.4696151207955798,-0.08206808661523995,0.07745243836131627
0.47198836840812375,-0.0833264108864116,0.07499550745069045
0.4698310677882831,-0.08365156459576013,0.07691583071923713
0.46464767674396323,-0.08091968506490212,0.07948700854672891
0.4639442028963606,-0.08129352326668247,0.08136440236032283
0.46780753156243726,-0.08164725438983234,0.07734838366564883
0.4660811310293177,-0.08248770925935697,0.07884602688376724
0.4674146439117989,-0.0826207742210831,0.07729424283813174
0.4643837083824297,-0.0821727545297197,0.0792072571395167
0.476190507355162,-0.08238969106142226,0.0691617322766398
0.4701911122210842,-0.08243058806609817,0.07460559027257158
0.4640855350161703,-0.08213300816584368,0.07942432412340175
0.4650063120785192,-0.08161360244123617,0.07641154298232627
0.47009501143323146,-0.08284350865626149,0.07390628454529419
0.46419837657638413,-0.08192563741557124,0.07933411351877326
0.46269638842148797,-0.0817246967212241,0.08082040820580885
0.4661287377335057,-0.08249091280593292,0.07671755095070937
0.46533593570406495,-0.08220257277644064,0.07781969649176124
0.460249102263332,-0.08128307308872681,0.07867474660952478
0.4662701256323019,-0.08192480981945618,0.07696255242750494
0.4652794741467817,-0.08144978117542466,0.0784066934634618
0.4636136696719151,-0.08121592599492712,0.07599855555874513
0.4657649526568964,-0.08181673996079258,0.07620110320373624
0.46797740978938096,-0.08238162171439097,0.07542482697431985
0.46592742318192015,-0.08220112324803287,0.07758101900471664
0.4657976234584319,-0.08180996365952078,0.07777419821034792
0.468051048973404,-0.08190776260564744,0.07584973430754505
0.46716649680511346,-0.0827259329797545,0.07762558321040947
0.46825216790699453,-0.08202743206881155,0.07717130462594934
0.46397269971572375,-0.08173464583756501,0.07564679580370148
0.46222597407372884,-0.08161396376192454,0.07787725736470463
0.4644410734231983,-0.08239933417033092,0.07609356929643957
0.46507896812526595,-0.08166620947607657,0.07925044471690104
0.464767381723688,-0.08211372076684309,0.07914458065374325
0.4651312968429663,-0.0823409639052363,0.0790672273819159
0.4624800713782121,-0.08232098208210045,0.07839625001109357
0.45948204595671005,-0.08169270290145059,0.08073280144576978
0.4636174758735149,-0.08217884505818225,0.07845226568198976
0.4640262734461312,-0.0831833589895534,0.07729702885874695
0.46364259150217557,-0.08170530524182672,0.07769083268316623
0.4641822707258288,-0.08214811543271379,0.07726395866808972
0.4631973417299393,-0.08236647529907697,0.07807002618148601
0.46563870548785524,-0.08245208736507878,0.0765121089113675
0.4588012430260064,-0.08198378160914306,0.08153849575397157
0.4642430086201078,-0.08331100032019281,0.07747429857173221
0.46252070600325895,-0.0824261046781232,0.07905255547675738
0.46641833280666495,-0.08329378253743305,0.07581708118962094
0.46577351961161145,-0.08315308827734834,0.07870701168697264
0.4719186772239701,-0.08396414997094509,0.0723933628677661
0.4719347994551497,-0.08382203951589212,0.07273273343575704
0.4645498792057897,-0.08372752194737312,0.07937099555547755
0.46225734538088864,-0.08341529512227838,0.0810468339793563
0.4699948437616185,-0.08359979481345577,0.07527745968660876
0.46505491209226457,-0.08346199903076354,0.07996191624280552
0.46615475816462015,-0.08302250601382645,0.07857255633381627
0.4647475442808194,-0.08267408688307726,0.08011004432297125
0.46677340178724436,-0.08244966935255502,0.07798226541151188
0.46760481818278127,-0.08366857887683454,0.07783397734453823
0.46406589730524694,-0.08228524095503835,0.0808417059913934
0.46624874234805397,-0.08259199169374695,0.07845916117636659
0.4680041301773338,-0.08328164786888241,0.07599743362774425
0.4675537430186288,-0.08269345702025956,0.07761279043150832
0.46686636374953666,-0.08284286959123249,0.07780495145828614
0.4651480047772808,-0.08214952651416385,0.07901896934421765
0.46329699459402884,-0.08229825227650837,0.07990959112911705
0.4645603254055357,-0.08242840873781161,0.07949673679874189
0.46535840297608266,-0.08314598981380397,0.0788726692423975
0.46646136726124426,-0.08262969725968781,0.07741386449496573
0.46284928596763436,-0.08206269984967063,0.07943854599540429
0.4634628656529518,-0.08237759816734298,0.08046015620137908
0.4666807542222444,-0.08225362053794057,0.0740036113820206
0.46229324053180765,-0.08184459022222479,0.07948526931157507
0.4651595330914106,-0.08236610932895591,0.0757563747265469
0.4653423506364769,-0.08228905756875302,0.07760350721709419
0.4635323945116995,-0.08261826378931214,0.07822583553818019
0.4659878280330472,-0.08188628713335906,0.07536537298363738
0.4602037287093369,-0.08079136198629225,0.08121651893293988
0.4660554167845047,-0.0816892882562322,0.07626154625824699
0.46519538798137217,-0.08147962489117344,0.07690666252795259
0.4676146764433768,-0.08203724460157327,0.07517600249963968
0.46492716643205895,-0.08198608556782322,0.07812655961806553
0.4636307288744654,-0.08158501519824418,0.07769336528043952
0.46749356063285497,-0.08187645854737319,0.07583777313541906
0.4604656552757924,-0.08136335550411244,0.08022487333591194
0.4628106069698468,-0.08139609136560991,0.07793926732465284
0.46500798700789026,-0.08198355085144438,0.07696932382222066
0.4580780760423665,-0.08129265859754371,0.08259587875738669
0.46332165214992527,-0.08232623524796961,0.0782026491699479
0.4659638826583392,-0.0824356505742776,0.07600423485248925
0.46306705525963593,-0.08213154031325118,0.07895509951725616
0.46808026452986184,-0.08297537316719032,0.07481886211270122
0.46096399001612287,-0.08173040738208481,0.08014639349108413
0.4657943200322535,-0.08142700817014684,0.0762719767966255
0.46703954064372405,-0.08228794058133757,0.07498383118872637
0.46384562545400887,-0.08266199852390302,0.07861611024590803
0.46411853510354806,-0.08199094201799552,0.07794287095255342
0.46641458563445604,-0.08171130851014222,0.0754438782166087
0.4674678247991704,-0.08212538700432091,0.07483082661668383
0.4668708392008259,-0.08278160952550534,0.07592574829010257
0.4625981348209348,-0.08189584451588042,0.0787805629913606
0.4657694113681178,-0.08206285532264,0.07676972625038103
0.46570134112977657,-0.08214070454700814,0.07643047835227612
0.4631324828326794,-0.08189407067550873,0.07935396885985516
0.4602298141146758,-0.08178805723074795,0.08071200594722303
0.4654425467045039,-0.08241596794444964,0.07478548710296234
0.4620781595003372,-0.08240298105134639,0.07989695037555591
0.46323063603352366,-0.08262086900863772,0.07833904176409806
0.45966371621354846,-0.08125359074804067,0.08170056150879812
0.4619434454053136,-0.08194257920825679,0.07931031504578678
0.464573700443212,-0.08153678771597722,0.07586481805017897
0.4712611321781137,-0.08328272119046078,0.07374130995695238
0.4667404042407466,-0.0821179043597666,0.07711195363293472
0.467896777641019,-0.08257207607903091,0.07697250064655276
0.46648578133978086,-0.08219676143232174,0.07731854475408545
0.4635863996588698,-0.08230079480292175,0.08007504295898268
0.46770109135797316,-0.08249385445634888,0.07617353144434913
0.46087326427414577,-0.081217573517556,0.08280257182967385
0.4652474519462361,-0.08194190175509389,0.08127816517847794
0.4691461534821876,-0.08306284484969574,0.0777195489997376
0.4678894085909572,-0.08243428821184184,0.07786802192514186
0.4707619564221134,-0.08246189252964699,0.07526400872057792
0.4661378436795191,-0.08180946418621167,0.07934828081286316
0.4635685089205732,-0.08111129926925974,0.08202375687921104
0.46666766245596003,-0.08184796999279315,0.07945540083874231
0.4695066967460392,-0.08248488419511789,0.07654502397077934
0.4653131022057465,-0.08146758697781495,0.08101781486584503
0.4704968216397814,-0.08127640460098454,0.07666380719598181
0.4693953476987607,-0.08251894752497123,0.0770621529858791
0.4667599647305195,-0.08120451737673709,0.07848953347101872
0.4690790981182501,-0.08153944326734536,0.07628749859334139
0.46707513537127876,-0.08124712196819053,0.07811818298283879
0.46827711298443153,-0.08159757828601141,0.07689273066159352
0.46665675333128065,-0.08187157497115702,0.07764582222518757
0.4629336854616415,-0.08145917679274932,0.0789307098854164
0.4663579489460862,-0.08124216438136286,0.07702972226085031
0.4699438485502342,-0.08093349359825139,0.07433569011910174
0.4686884598522614,-0.08154561779634709,0.07654366919604394
0.46412983041519873,-0.08061721686199626,0.07977980541096502
0.46642359387676086,-0.08084686155423909,0.0769656816071087
0.46542205066804554,-0.08088493690310633,0.07795126265375657
0.4642579994613746,-0.08156330825988238,0.07915056982159341
0.46416827459953613,-0.0805048867283437,0.07848151929472863
0.470313938230168,-0.08116581900301872,0.07485269295631936
0.4693386432155119,-0.08478061661650345,0.07397684973916824
0.46621296584721195,-0.08382796258981967,0.07789231053856455
0.4679772117362931,-0.08384368561469632,0.07621888542921051
0.46599730177792975,-0.0832092558733563,0.07770679766716071
0.46450184997075006,-0.08376935862942214,0.07877049004334635
0.4661047201047708,-0.08391621742970297,0.07669310571671994
0.4662356129457216,-0.0839532094234829,0.07601302141821686
0.46539591792838675,-0.08342123813085636,0.07781406980083899
0.4660685384549994,-0.08346092907879318,0.07622423061389944
0.4704756944470271,-0.08481952200388503,0.07414478328133395
0.47061227966464514,-0.08416208290726368,0.07349258424456057
0.4676421061620935,-0.08294191792252989,0.07493162912488216
0.4669857642106451,-0.08359808772036692,0.07542668613032444
0.46496184399331586,-0.08388624754053517,0.07695708890271252
0.4627508789529158,-0.08294675094906327,0.07861720103672504
0.4621241216731726,-0.08297472442868684,0.07946962922863329
0.46416959947701075,-0.08327304882391959,0.07765373035943296
0.46468246663225377,-0.0837536135638834,0.07827653744430724
0.46648413531763394,-0.08386608137414572,0.07728939779246935
0.4664548449550294,-0.08349642465856369,0.07659437465373153
0.46433953348097545,-0.08418445444268258,0.07819428572440967
0.469127586522298,-0.08407600791907716,0.07471941598248077
0.46615555483736265,-0.08360101552139974,0.0768048258327168
0.46970444409616996,-0.08398439275184143,0.07466950529855076
0.46740169101647727,-0.08416608517129519,0.07690971296179733
0.46780534751512237,-0.08451929811347571,0.0771762384280697
0.025082561010333876,0.025213419266544884,0.34760685684278836
