0.14529313540796535,0.026273552065562998,0.3700169125409015
0.10246388166862277,-0.05773458961508474,0.34514767842532357
0.624347747800125,-0.1524262986465372,0.10656054288789349
0.6223950624460219,-0.1490477987508073,0.11308995025263774
0.6278157526809802,-0.1521116424960303,0.11436543407972785
0.623669240515216,-0.14346008332978405,0.1212957293362679
0.6277852052781263,-0.14898733094566446,0.13590951158955988
0.6160757720071903,-0.14568151594817838,0.13970754005783179
0.6204566819438855,-0.14679868249754,0.12935250221122527
0.6284650525867906,-0.14588951237656328,0.1279880305841748
0.6275732119610511,-0.14602760184546845,0.1327506370016773
0.6260863634603071,-0.14551662621603573,0.13350479214222805
0.6227782504177142,-0.14192660654551312,0.13291162068408052
0.6239818684670417,-0.13900031879344493,0.12860789042290505
0.6309565947681529,-0.13389515650728692,0.10954609782766511
0.628962453318655,-0.14049837142245325,0.11356293285762861
0.6295335937543082,-0.14078113876799428,0.11818676352087285
0.6268349620024456,-0.13975512947436564,0.12071848659818102
0.6247164126184036,-0.13881321039556915,0.1173942015519816
0.6268106434685489,-0.13873285572106409,0.1140397375967086
0.6279307884915134,-0.13890926918054702,0.11274069342793497
0.6272519194521711,-0.13796193055757033,0.11157232647584556
0.6274172856398379,-0.1379350067004246,0.11146385080456461
0.6269646096789478,-0.13780388276528568,0.11347657545738199
0.6316339113051684,-0.1375286073953927,0.11248237215562981
0.6287257435069117,-0.13660073336598869,0.11551619577265512
0.6315468783541063,-0.13793658408121734,0.11475779784357173
0.6268041107927824,-0.13655299520611847,0.11732414753420858
0.6288193047568824,-0.1370852061093723,0.11730392627749622
0.6309018098610882,-0.1374960087326282,0.11682462649010522
0.6279456356387005,-0.13588956886330356,0.11840053666374292
0.6296629857804837,-0.13461360551227738,0.11919193863128383
0.6279969369400931,-0.13400757903875224,0.11931468900159303
0.6308391815058025,-0.13434760887852726,0.11743257698863704
0.6293065206279244,-0.13367313803456513,0.11806405701389489
0.6307006590327117,-0.13365659156320467,0.11885835271933523
0.6297737719097676,-0.13317723715361496,0.11962756909200256
0.629616477626063,-0.13278117192695707,0.12084815330672768
0.6305799480388901,-0.13237772952393667,0.12114922877947149
0.6314335806671257,-0.14209009119990887,0.1201279712461015
0.6303061404838113,-0.14274539516519444,0.12143378532412591
0.6154728935028981,-0.13930610209217834,0.12284395870079631
0.6282175549407444,-0.14301395388215454,0.11281360003618063
0.6311187015308234,-0.14355228932376612,0.11265203978529348
0.62795212157877,-0.1421216977549673,0.1144052840549224
0.627562605178323,-0.1417056439633079,0.1168834351228982
0.6273527001227637,-0.1413984109984731,0.11697747398179206
0.627080857553532,-0.14039088640585232,0.11831313006153762
0.6251271532861417,-0.13981611868732394,0.11984178790368752
0.6288610843409098,-0.13980427919663477,0.11712136977699528
0.6302059218341702,-0.14001347116167293,0.1154547161340084
0.6295487414796794,-0.1398069476629226,0.1159562243110352
0.6285929474236818,-0.1394666007441746,0.11644410888596635
0.6303296885652145,-0.14049114022202105,0.11543385088863631
0.6297897827663798,-0.14025882244899987,0.11615649825674446
0.6255937007742035,-0.13943856375370278,0.11756935131624333
0.6276248009243808,-0.14084845692073034,0.11560348418446878
0.6266764361485345,-0.14089877265106177,0.11523208719958233
0.6275616457825015,-0.14160021462098346,0.11549491279629184
0.6277920690582242,-0.1414935348289814,0.11581763551251537
0.6244427757148086,-0.14104683438604576,0.1182169471910613
0.6276004719907595,-0.14212902075750444,0.11718366488806037
0.6266128324642355,-0.14204095893856247,0.11762196755465693
0.6280110680940213,-0.14269349963103078,0.11642472762065842
0.6294071218304458,-0.14343457947337407,0.11533612173703833
0.6263734150470455,-0.14272742979965217,0.11706985576776921
0.6259549941931308,-0.14271423567741512,0.11735537807313595
0.6260074884479431,-0.14307341520197647,0.11740529055078244
0.6288394338798703,-0.14422798131892178,0.11667742125770617
0.6275870432266184,-0.14375657791687863,0.11762273724562686
0.6261165030616888,-0.14330053051216984,0.11748210717465007
0.6288907002255777,-0.14429536769886175,0.11601191695395952
0.6274587291250058,-0.14416437809788524,0.11667098900988185
0.6272657448795502,-0.14411994013779564,0.11700837660353089
0.6237288649949626,-0.1429335020786949,0.11878061503937357
0.6269485829147916,-0.14451101352264756,0.11713731546151943
0.6279829448222924,-0.1445536872342993,0.11617591711485392
0.6261081062740028,-0.14258175990301072,0.11774047689234582
0.6260312304804223,-0.13656538687908132,0.11815683062857338
0.6257952316972363,-0.13635524856610845,0.11730491613677996
0.6272571173965498,-0.13703655122921857,0.11666654006726851
0.6284728195340099,-0.13726716591259192,0.11637276531683652
0.6284127474363007,-0.13686337597049866,0.11610140288768792
0.6270415242659299,-0.13670426813535463,0.11786623367159033
0.6278281942915043,-0.1372138067998861,0.11671910561788493
0.6278087592190793,-0.13730496802857456,0.117401254955531
0.6268069800720271,-0.13700697091250053,0.11784119204163274
0.6266339630186931,-0.13690271493431153,0.11819457235551167
0.6255767539058852,-0.1375569573460118,0.11815567872872101
0.628910601732591,-0.13799114908609975,0.11632307427097083
0.627324534326269,-0.13790027982320477,0.11735289602626942
0.6247019406644392,-0.13642567976205627,0.11829157918545793
0.6269611470441607,-0.13759196640593868,0.11710483597753396
0.6284730600304569,-0.1383422052389971,0.11565058958457511
0.6282772454704296,-0.13806577887921367,0.1158447450077682
0.6252469329937707,-0.1387617065685027,0.1174931437978638
0.6269611048027117,-0.13901887841868443,0.1162984943147354
0.6235743523964804,-0.14510658162805143,0.13014594804179966
0.622586880653641,-0.14645182286536612,0.12956303518391873
0.621593289789702,-0.14561636757059274,0.12988372019242556
0.6216795436446547,-0.14457669144674987,0.12826329634735315
0.6239596311840373,-0.14219003491805252,0.1216881949060481
0.625959293308347,-0.14171582563581012,0.11783075454730685
0.6304981209813452,-0.14175603048009044,0.10084204855544021
0.6315434006995351,-0.14197551023682978,0.10439128024069882
0.6297365062400511,-0.141420395660121,0.11002436415685568
0.6291636662546685,-0.1399200453250522,0.1171161189102505
0.6276576286335691,-0.1399889441776317,0.12180813878830252
0.6307878303690413,-0.14100470625157496,0.12353536888897285
0.6247669852810328,-0.13967043406434615,0.13942242741585012
0.6244152143005302,-0.13882949065254235,0.1357237478776044
0.6241097999638245,-0.13826107175418734,0.1300223961601825
0.6276284867196936,-0.1381067117417684,0.10658741031966626
0.6290138773333913,-0.1381260282855476,0.11833515014301949
0.6300165646111202,-0.1378106876992388,0.11900291362729856
0.6320667014739418,-0.13883368502534638,0.12316799065887252
0.6280426191841808,-0.1378405493035003,0.12924386276492106
0.6286263859888894,-0.13813002955700424,0.13064829120138563
0.6257229353367333,-0.13719353599299042,0.12899434568643886
0.6258260626772418,-0.13708049382637594,0.11023970604486677
0.6299578863288056,-0.13782539935335722,0.10583180689722121
0.6308687814014433,-0.13784508560472408,0.10819648058313
0.6289720908145572,-0.13799356385320316,0.11458315275352718
0.6303240516914217,-0.13826801009767653,0.11983971587095671
0.6296085513267771,-0.1383710114703474,0.12457771863972131
0.6265753846146266,-0.13734207504836995,0.12446365224992492
0.6238285784344628,-0.13569637815584454,0.12038535237904274
0.6287918383689237,-0.13696025959807517,0.11357802462114652
0.6276468469478459,-0.13683851709984846,0.11192797934763626
0.632319699953152,-0.13824051649420593,0.11140204585062996
0.6298811353469724,-0.13782520470911264,0.1308156798667257
0.6288651147993064,-0.1376446031175913,0.1343926284833497
0.6300630371491769,-0.13731732755312176,0.13488300902084255
0.6201743432005479,-0.13520073170583918,0.13558724858218993
0.6179213087698592,-0.13374480973338979,0.12782532469467034
0.6264380725374175,-0.13438650637928481,0.10143979646540735
0.628004172413044,-0.13446224963601458,0.10111418562401342
0.6322102057728949,-0.13554593530955944,0.1045596653349074
0.6298081746788948,-0.1351912419291453,0.11516333227650455
0.6309807827414988,-0.1353912642941366,0.12216295705265712
0.6270703711421624,-0.13486002436365743,0.12580987700381965
0.6262132284354982,-0.1345295302245727,0.1229250305091116
0.625661799682524,-0.13388983828417647,0.11659221131417111
0.628665835187337,-0.13436907924923724,0.10973361419659838
0.628697669704134,-0.13406183539264477,0.10948470281774378
0.6334374675871443,-0.13578272465754385,0.11022994667253744
0.6273456853403685,-0.13393429024832013,0.11894643097859686
0.6317066122163569,-0.13491317003974285,0.11976237264343381
0.6304501197644822,-0.13475429031562686,0.11985903640359077
0.6274495438357817,-0.134139866033611,0.11767411846386636
0.6262289815407289,-0.1336219250292573,0.11450007570893792
0.6304848836426544,-0.13499450842999727,0.11082597903438435
0.6312761075284266,-0.13524620075714539,0.11215378990956001
0.6282999839097071,-0.13413976560427782,0.11673866414841377
0.6284705240535671,-0.13445668598943383,0.1192993176699072
0.6282813025930458,-0.1345231517666725,0.1203813740326285
0.6264609767426407,-0.1337538028141833,0.11952433317831587
0.6256872788448509,-0.1334422743669596,0.11732583238960273
0.6291537054894771,-0.13446889254664102,0.11422982180655761
0.6301509978465224,-0.13442918749619076,0.11416701928238582
0.6301922591216206,-0.1343806116367419,0.11568013000787147
0.6304149109924904,-0.13430840568053914,0.11727651044227069
0.6290599681013482,-0.13382039571907706,0.11909094374840742
0.6293818451888278,-0.13396656338189436,0.11842608442047478
0.6302225152108194,-0.13399085042213432,0.11602107170685211
0.6291629981373212,-0.1333532661133464,0.1166514139944512
0.6342902873937162,-0.13979796794704336,0.1146807382193816
0.6258433300837871,-0.14333935438666795,0.11866522779731972
0.6263833926415913,-0.14355098480396544,0.11938742024706395
0.6271767439024678,-0.1426485224535868,0.12047064854360484
0.631043873842555,-0.1411342987327538,0.1180739876990883
0.6270248225509466,-0.13981496881178845,0.1190649986750591
0.6267418745154572,-0.1384288645525265,0.11863621688295928
0.6281197919304048,-0.13547359429840267,0.11846316465509144
0.630204279253816,-0.1358958812506682,0.11782577168306954
0.6298287563440306,-0.1341813709436728,0.11820388885385824
0.6345062879904706,-0.13458902750012702,0.11778794026969008
0.6308423987206232,-0.1376329149229268,0.11846850366094688
0.6285203339499174,-0.1379625952114156,0.11966330684751736
0.6268343347523692,-0.13839386595037992,0.12023049602712019
0.6284780458257365,-0.14157073404795428,0.11860827535717869
0.6266813193499987,-0.14131413234043896,0.12046100024162146
0.6276136354412256,-0.14179843419791094,0.12033308946439486
0.631391944873562,-0.1427795379865339,0.1193534892754615
0.6298982227090406,-0.14279660267538485,0.12014393549649835
0.6264530388634518,-0.14186680417755976,0.1216370761429797
0.6279639629154453,-0.14210252924794617,0.12033286845036553
0.6279721061063048,-0.14263168524802633,0.12084799476760139
0.616474724977206,-0.13905389367967505,0.12331070332815033
0.6291686075244431,-0.14416574634149076,0.1105861672077372
0.6271661163417104,-0.1443329083570935,0.11248328289040477
0.6241342254798496,-0.144242840099769,0.11519444718323288
0.6241907992289695,-0.14498893518141687,0.11530949072588692
0.6253940362108894,-0.1459547461681777,0.11484351718354263
0.6280682163691588,-0.14664986248952674,0.11442378962380217
0.6263673767731313,-0.14631495919375292,0.116313317725632
0.6258161122959246,-0.14590821674298834,0.1161237671167917
0.6256903001043052,-0.14603120067448566,0.115169727288925
0.6263389088495798,-0.14647463823828377,0.11448834629577209
0.6243923448693017,-0.14550192461175104,0.11554746119093529
0.6247905281613921,-0.14559535710867702,0.11613251407135644
0.6273784051422647,-0.14629923093791108,0.11509460332957214
0.6246272207267689,-0.14606090631666063,0.11638831644710729
0.6259391686740075,-0.14768997247799262,0.11545026772805814
0.6228614046849548,-0.15030654648582115,0.13136347274133114
0.6206866531881223,-0.15124234574093043,0.1315393385736639
0.6110682445424669,-0.147258383912217,0.13045889169679437
0.6284535003977532,-0.1347122447037215,0.11706097297634094
0.6255503253267702,-0.13785672323697712,0.11548723864113461
0.6275902119660728,-0.14233851353113566,0.11665687245065523
0.6280199818558213,-0.143327948676421,0.12143556731648544
0.6252835513005282,-0.14501404973159418,0.12482333446373381
0.6214285468666418,-0.14336303095135483,0.12727953026189498
0.6246777627876634,-0.1435425628695019,0.1241449908776178
0.6276865676464752,-0.14408950793860706,0.11861554542223868
0.6214399191936143,-0.1438574851091925,0.11851033897713703
0.6240320940572245,-0.14561969301594396,0.11690401613616153
0.6233172405015762,-0.14535567594508064,0.12134475427668895
0.6239984744155601,-0.14472987098412238,0.12447630896134229
0.6258397545837312,-0.144633169929978,0.12714670106924905
0.6266334606127817,-0.1426320292479146,0.1278930351491115
0.626388794797832,-0.141599483808929,0.12530841315762806
0.6299171763230471,-0.14077819996351457,0.12204120691250905
0.6268825854127849,-0.13938335633667373,0.12365906731247894
0.6283935470435397,-0.13993517550602605,0.12377106968615026
0.627495881223719,-0.13998136640962364,0.125761985054722
0.6260092282007371,-0.13965465685831197,0.1272791646687399
0.6240799844762726,-0.139467796135147,0.12767836240440686
0.6259398253100646,-0.13982091443806127,0.12553777082876158
0.6272413382913198,-0.13959632499930483,0.12389234670188934
0.6297710769846472,-0.14075413297600356,0.12321569607745056
0.6290801700824556,-0.14006183679826759,0.1234515917953681
0.626790469687759,-0.13943390909204056,0.12540393381457784
0.6282421247084744,-0.13956077339367884,0.12541482764946327
0.6273232997118885,-0.13883894886739723,0.12366437245456696
0.624630013003345,-0.13779929519517728,0.12396473914864609
0.6273079386577135,-0.13878762877882123,0.12241107763609785
0.6285585802446196,-0.13899806821411925,0.12189365107914879
0.6278501885862628,-0.1386602537922864,0.12246448983535912
0.6261695890070155,-0.13831546077178145,0.12435037688872594
0.6291047396120107,-0.13903117669917078,0.12262710422010242
0.6250426594671503,-0.13753628260195763,0.12374065264301792
0.6251344301611146,-0.1372543133578738,0.12309256188954296
0.6270020824476782,-0.13793557917266477,0.12239812617045173
0.6292816515059501,-0.1339491552956924,0.10558207532177555
0.6305483971673286,-0.13441128448446513,0.10635423072982345
0.6297594394482587,-0.13210110118875454,0.11050220544916156
0.6344746137216679,-0.13396130615509735,0.11272671719214342
0.628403913660808,-0.1434048840157733,0.11677243881760976
0.6256541843492901,-0.14040615458041844,0.11967668879727686
0.6284387658971344,-0.13925692114349644,0.11682485245427102
0.6300421379699479,-0.13961456903448333,0.1125370713482603
0.626148021726085,-0.13852778506774194,0.11270502109818467
0.6273799099329971,-0.13890725911225726,0.1135610307935169
0.6278902419569714,-0.13870586239831068,0.11480927473843977
0.6249584256035579,-0.13808111921146607,0.11824103564809238
0.6297989381572797,-0.13910723118458293,0.11610919503926792
0.6282380219039979,-0.13915858343224297,0.11662558699527506
0.6288826598548265,-0.1402351252966246,0.11401194595132913
0.6283187243238486,-0.14090822349515816,0.11341695179066985
0.6262421352002415,-0.14025136704691998,0.1149164141337464
0.6253797607782886,-0.13999804534041113,0.11617037820276618
0.6279965326021427,-0.141110019706023,0.11645727214457866
0.6274748206812248,-0.1409894085026066,0.11677570732306924
0.6245373388009415,-0.1402417968727319,0.11802462880791864
0.6254490526340765,-0.14090751023758455,0.11654684310070623
0.6292453474165601,-0.14144130475919303,0.11400768893149782
0.6269373011238556,-0.14101050475825533,0.11647129770272502
0.6291423973798453,-0.1417714786661521,0.11612908342582506
0.6295910429101397,-0.14207672004295285,0.11659219397332998
0.6233777138203616,-0.14041706311470228,0.12022952109896873
0.6279388312848196,-0.1423464889297453,0.11753566145689034
0.6235696407117215,-0.1431695365282175,0.13528912428808382
0.6224154706628794,-0.1429131671175495,0.11922685708404715
0.6232665601597213,-0.14268061554986333,0.11189897142169075
0.6248694603143338,-0.13605322345672233,0.12180472557924832
0.6311030444861375,-0.13748120731836785,0.11742075236370167
0.6306497968794369,-0.13768759658007546,0.12223120547844213
0.6305208450947426,-0.13725355713418433,0.12767327878380513
0.6344049926212596,-0.13880541803120533,0.12931771510470577
0.626721178806857,-0.13730085677331788,0.1323018586825522
0.6273122039182897,-0.13709153712437744,0.12812832615444325
0.6270124740121329,-0.13874246007578334,0.12484133867449743
0.6278673208653812,-0.1390725273662855,0.12313287531779163
0.6299655007290808,-0.13950203485011872,0.12378144043867026
0.6320016357507359,-0.1398925930831055,0.1257195693064411
0.630631670719001,-0.13969079350752478,0.12832770362404314
0.6275151713098558,-0.13837254239504534,0.12938811856455673
0.627517331123052,-0.1376302119739402,0.1273298373757751
0.6275646375731018,-0.13770732598753038,0.12507481895163364
0.6288548448580498,-0.13780267729428014,0.1234774535946048
0.6317564130616307,-0.13845405145353448,0.12226877765019595
0.6293555212632429,-0.13759457075922008,0.1251746875191478
0.6275627356409075,-0.13690844116920448,0.12749061688141997
0.6283938519640686,-0.13745595184831352,0.1273895408227532
0.6282969461522973,-0.13724349372563366,0.12560062694724314
0.62800403752949,-0.13729273740413123,0.12468676153886571
0.6292280075422227,-0.13753799966317826,0.12389953869785222
0.6302422318136522,-0.13778708613636456,0.12397256601194365
0.6334902177614001,-0.13828271379875012,0.12310815289396762
0.6250676095589824,-0.13624293654219186,0.12880954602856787
0.6271697904740892,-0.13662029819057836,0.12731117011669313
0.6276849609024238,-0.13685818945903672,0.12611816226174302
0.6272638847597997,-0.13664118008615522,0.12548426328018553
0.6264338196624981,-0.1366573047960366,0.12571670221432935
0.6285275333545683,-0.13537743261691598,0.12219745460553344
0.6276139659307756,-0.14022027914393004,0.12307199294050772
0.6268179675479346,-0.13965020779120182,0.12348383891303924
0.6278733929859066,-0.14021777026022597,0.12269691849083886
0.6285541151079028,-0.14007439078895065,0.12142601052812091
0.6257065483439959,-0.13951654175325706,0.12227724929435999
0.6276989172319886,-0.1400738906518088,0.12128198335917312
0.6271336592836289,-0.1395926773121955,0.12225831766124037
0.628014434516769,-0.13956666342531848,0.1224891407459325
0.6293428897048233,-0.14035586853604876,0.12388684935263447
0.6259518108612181,-0.14010937910038543,0.12867640734928557
0.6286552517320468,-0.14053718453848488,0.13048765109361096
0.6261935377009951,-0.1403906178376696,0.13367390207497676
0.6265536344478071,-0.1402405910897755,0.13267714070850287
0.626066284798006,-0.13941369648737584,0.11482781057512878
0.6263653607065556,-0.13977430403104682,0.1129863672228413
0.6273027033193528,-0.13989028083953214,0.11198749268594485
0.628172964685934,-0.13968297181233824,0.1119628334985027
0.6229331762009962,-0.13892392340646567,0.11559381663626536
0.6245748363386813,-0.13907336438503032,0.11049881666049732
0.6258721332574022,-0.13887104336553582,0.10688759041922377
0.6310457707194831,-0.1404536959099581,0.10447169886807536
0.6286127736896003,-0.14067829501553356,0.11035605727338471
0.6291412372467879,-0.14060405548383678,0.11499223226246091
0.6265239166961725,-0.14058107558941746,0.11957324699579247
0.6257967098956579,-0.14044719213305135,0.11861140380216884
0.6267846493041751,-0.14051536772997034,0.11374387683973666
0.6236590861250373,-0.13997212971535428,0.11188856175387113
0.6263431364964419,-0.14068232570430578,0.1090516016498776
0.6299555252092512,-0.14152430582341416,0.10907374390189481
0.6268182825278025,-0.14082517243963083,0.11423027042887701
0.628952331202131,-0.1412665223878966,0.1150353088113669
0.625961674572942,-0.1410165544583859,0.11683636222471422
0.6258110761219268,-0.14026923352584486,0.11434911711660647
0.6286978098533356,-0.1408066337268123,0.11048115138937667
0.6243498891961088,-0.13983865862659386,0.11159606086856544
0.6228486526634482,-0.14029417081512752,0.11381166856991978
0.6262510785674372,-0.1409729145347769,0.11442206566037591
0.6298154804934719,-0.1420631505139979,0.11373254918176204
0.6241781080447987,-0.1407342213682047,0.11664888516309527
0.6284200816033555,-0.14154107505990776,0.11359508976927499
0.6263347860043075,-0.1410758557465968,0.1125561406678385
0.6227892371520101,-0.1403968849907215,0.11418489909859877
0.6286741861041849,-0.14214727571040994,0.11166076978589157
0.6261801713419302,-0.1412928078457115,0.11474418339876355
0.6290166970171615,-0.13746997302705816,0.11484033746158517
0.6263298980980956,-0.13763795707296678,0.11615516311112284
0.6228804216695693,-0.13746346869070492,0.11719601641756339
0.6268556221867039,-0.1395409769619056,0.11547775342172595
0.6269276281949911,-0.13971669508035445,0.11550038177312635
0.6278715765839544,-0.1398906780163334,0.11510500193404388
0.6279782954788344,-0.1400580098583978,0.11592600099109976
0.6273687715657005,-0.14003886913085542,0.11691526029728627
0.6279866235952772,-0.1400593004611614,0.13209038961402172
0.6212549215579612,-0.1388973567239145,0.1334828214108476
0.6258595579069307,-0.13950932769196886,0.10960925352930415
0.624620598642903,-0.13839191202240667,0.10417064925597433
0.6274940321283512,-0.13865610252254257,0.1156415114899027
0.631883489220547,-0.14002764511832078,0.1173866782016662
0.6314417838898785,-0.14111866251395488,0.12374260390716238
0.6278231784682545,-0.14006370166817084,0.1291197499941264
0.6273398873824402,-0.1402849598468836,0.12897364052446753
0.6223187838379638,-0.13886442609787616,0.1278152269598646
0.6283129842692424,-0.1403906274150867,0.12146958472141137
0.6272817287422532,-0.14036600580672895,0.12052083976143976
0.6317260725325591,-0.14121073801236333,0.11968050197008545
0.6259920243705034,-0.1395888493440387,0.1250189945272811
0.6281612070130825,-0.14063845931662963,0.12682545279644508
0.6259486830326013,-0.14004504006512647,0.12774517445969233
0.6239482055546981,-0.13924854116518254,0.12634990953900946
0.6305483648529719,-0.14047369835353626,0.1202607665170618
0.6301767317650313,-0.14049803822128348,0.11984887486598761
0.6282349457640887,-0.14007022024854107,0.12154985934423851
0.6319703586953114,-0.14091241656595357,0.12159521688046226
0.6285972869232651,-0.1401295169435563,0.12478759270659509
0.6252616088737342,-0.13891481786388432,0.1260183192050675
0.6274523072232184,-0.1397175389379644,0.12286475809007213
0.6265460853096804,-0.13949245895898277,0.12198074898816011
0.6277387367938924,-0.1396614332122751,0.12068579911631244
0.6294155961342904,-0.14014630850916665,0.12059294939729506
0.626499986382319,-0.13920038202958854,0.1236087678354289
0.6263125584851166,-0.13949770061211517,0.12403089921145344
0.6257370257370024,-0.1389716802042021,0.12421562141963385
0.6261926633203235,-0.139107316897803,0.12296303852634122
0.6262319018082814,-0.13940727340651166,0.12247417804543181
0.627462431266193,-0.1397065108768394,0.12167801841100873
0.6287654958080687,-0.13988784936233423,0.12159605517104516
0.6261682806895936,-0.1393000897301416,0.12342101350576387
0.6295743781465506,-0.13954987558736887,0.1217040835459473
0.6279272001522148,-0.13846165244034064,0.10621439317009274
0.6285432729888847,-0.13872090332548231,0.10543776983710249
0.6269167384968564,-0.13442379396911042,0.10224165198782448
0.6327171376030151,-0.13502235871697577,0.10326048277775712
0.6301950598015225,-0.1349565343633622,0.11079328668524022
0.6324372246963597,-0.1359506828753601,0.11596797893621857
0.6272293279918973,-0.13528967101648046,0.12172972030871304
0.6272485415037883,-0.13545510684014506,0.12231350037190047
0.6292265613295298,-0.13579229639040188,0.11848534547308098
0.6272446642988834,-0.13547333202833076,0.11634139375211125
0.6283524907706765,-0.13578589228104657,0.11584411329437488
0.6320649047956091,-0.13713588074297603,0.11525851742103249
0.6280198121548893,-0.13631022574894658,0.12017924280690107
0.6263344823280758,-0.13584917267921637,0.12171197083744908
0.6279717903570751,-0.13630826588590436,0.12075595159577909
0.6266094216047913,-0.13592190045317704,0.119720227760438
0.6312835908376817,-0.13725014324484178,0.11582987673997891
0.6294898655147103,-0.1371105009295237,0.11599588783921153
0.6293448617995021,-0.13687193562373312,0.11693057135141496
0.6313635951939625,-0.13747961036238568,0.11772139393246189
0.6296845684986834,-0.13713316513901075,0.11939141167386372
0.631187806114134,-0.13672019529331475,0.11998705696908041
0.6308225457325021,-0.13664700934815777,0.1192806411795373
0.6307126074340911,-0.13668464025982544,0.11835579703238794
0.6210232848514186,-0.1355145695900007,0.12348674153827502
0.625809880474555,-0.1386495622255449,0.11108014379792297
0.6212903844317379,-0.13761725662119567,0.11718550149707668
0.6266118350112595,-0.1392563278473149,0.11507777073716619
0.6273859091070285,-0.13943217128466656,0.11457633087335622
0.6241589766478575,-0.1393433224504704,0.11735374312065094
0.6251369319304403,-0.1397268433613282,0.12079769395372608
0.6277706695308738,-0.14053470569301893,0.12026248952615676
0.6287892680399172,-0.1408079579086453,0.11986543560702564
0.6279936894400562,-0.14079010495970784,0.12086250379619673
0.628141221945571,-0.14089956921312033,0.1204475290216794
0.6294083071633645,-0.14117631229097824,0.1199660333089021
0.6266458462729284,-0.14051387913545432,0.12129052717664807
0.6287348939435444,-0.14095737945214845,0.12053705652913269
0.6255850767258376,-0.13993572597040033,0.12220667665429855
0.6272118067237231,-0.14083634160358355,0.12145882816614911
0.6317773007649523,-0.141843870195476,0.11868438108437793
0.6285853963825766,-0.14088523616008447,0.12042902740162481
0.6278364739844478,-0.1405913280627512,0.12071231166485288
0.6280223429572466,-0.14097989358876448,0.12097677508970789
0.6285406283478775,-0.1410026566955913,0.12053417347236384
0.6285198197883873,-0.14212697378009453,0.1215522188177989
0.6275434388119329,-0.14149693627230872,0.12194092701826709
0.6289751393970433,-0.14226062221017138,0.12156840582057524
0.6268367052872212,-0.14210703315898168,0.12289622215504753
0.6216882427237758,-0.14117760909677413,0.11687845186726167
0.6236291616468272,-0.14137593151608413,0.11517831089981737
0.6297507909444259,-0.14334729093729554,0.11160815175456551
0.6265836883327788,-0.14241419059014115,0.11256698150341521
0.6255223059046496,-0.14196445168374813,0.11357043359769378
0.624851299374358,-0.14209406062005567,0.11545908857804871
0.6261811571211122,-0.14241477682763876,0.11531234598975845
0.624529931401591,-0.14163256089464515,0.11622527466908378
0.6280598756664952,-0.1429564857642716,0.11542251791010624
0.6295808015315167,-0.14344148061993717,0.11472597477837482
0.6271303499679939,-0.14261533948339228,0.1171344822593835
0.625420976985234,-0.14221319541140692,0.118145059573457
0.6252553503837603,-0.14229332613757775,0.1183719789272577
0.6261039362441175,-0.14176512936474622,0.11825987881254593
0.6249267308297171,-0.14106790981926998,0.11873093323452633
0.6249932310327917,-0.14166136085542752,0.11807733698289338
0.6263616956510683,-0.1418167242758705,0.11761619296947778
0.6256606493103511,-0.14157223812961714,0.11771324273810052
0.6281873145628166,-0.14204145642428223,0.11664710366066783
0.6251768279249742,-0.1409898885328338,0.11723299823220987
0.6254526108948908,-0.14081015131938782,0.1165542969601907
0.6259874069628397,-0.14083149360231245,0.11635156080999992
0.6269972417071158,-0.14131230931602606,0.11563567913173861
0.6245045842738729,-0.1405817428927448,0.11661675997017706
0.6280323493125043,-0.14143705777637924,0.11452581590258384
0.6275264102915256,-0.14107382796386964,0.11500922352713688
0.6266655274574919,-0.14113654933433292,0.11551903459624668
0.6266264680001855,-0.1410099994554038,0.11561614582743729
0.6279378650887115,-0.1415824726724688,0.11454449020936985
0.627909135378124,-0.14141428590640234,0.11464436171201345
0.6247776334463033,-0.14070750702325746,0.11606001302096991
0.6286241009136857,-0.14165801757792315,0.11442478799897021
0.6258961737407474,-0.14071001798265845,0.1157714597793656
0.6283036404525476,-0.14130967735939914,0.11454171211815012
0.624694614032111,-0.14037351526818975,0.1165751953558414
0.6276979592081666,-0.14052041310896587,0.11301782522184975
0.6267285549275644,-0.14036071807700806,0.11379006968920502
0.6268120468835461,-0.14043842320473438,0.11380875245174313
0.6247505782862821,-0.14016279432205406,0.11513220011807565
0.6259654184407892,-0.14047462045984527,0.11472130361128552
0.6261147044568489,-0.14128285487484327,0.11445119248151275
0.6246503340741902,-0.14103860405942537,0.11570901380065401
0.6279930565367426,-0.14189760712213628,0.11362009691616146
0.6271249763233642,-0.14144442044981942,0.11415246888724706
0.6279210569130231,-0.1417034549067452,0.11389150025836581
0.6243567757612831,-0.14070233172907884,0.1159621163203993
0.6260587650647074,-0.14046385343891327,0.11495927032150535
0.6268268233999578,-0.1409283965794553,0.11450694748412452
0.6246342893421609,-0.140343715778029,0.11600868367233874
0.6258438432016897,-0.14050583758142188,0.11475924148366146
0.6260346134216477,-0.14066751719674372,0.11465029899366311
0.6252120126571663,-0.14030027742967088,0.11523281221534837
0.6272486164327962,-0.14109485777856443,0.11463409765136193
0.6288798966207576,-0.14123142159476443,0.11335067720394418
0.6270734341273998,-0.1408364412295912,0.11411190292202861
0.6275910117119182,-0.14106760831954937,0.11383706977663491
0.6264032850721328,-0.1411083689828122,0.11476129758251799
0.6246621640230304,-0.14054610495740838,0.1156348495450813
0.6250000685820796,-0.14053490296207097,0.11532784659767362
0.6241060051383306,-0.1405106790994518,0.11601496639143657
0.6271274166869951,-0.14122392843645767,0.11439849955108466
0.6248722817555821,-0.1409795745144871,0.11495827333726205
0.62527016909194,-0.14117085832390652,0.11496223764960092
0.6243635111409753,-0.14117093568849834,0.11587148807902614
0.6298503319027582,-0.1422577524789478,0.11256825055561254
0.6297981240570216,-0.1422807678295968,0.11266001299987419
0.6270848283348889,-0.14156289335329295,0.11440549921182053
0.6253555981510392,-0.14120354665395848,0.11500257918957271
0.6279357041832516,-0.14196071789846215,0.11310047100012843
0.6244254030477121,-0.14123047210291362,0.1153557413733591
0.6265688726686116,-0.14148048460791482,0.11372321407201846
0.6251684306463432,-0.1501999233097517,0.11584589048540661
0.6221810145481582,-0.15274636166840755,0.11604146963362927
0.6262099005863921,-0.15686390460258987,0.1154822583629102
0.6291570819882165,-0.15399258667808352,0.11759334799313709
0.6261089174629697,-0.15585994211775736,0.12079331435395835
0.6252947298983325,-0.15564217924401946,0.12297506317911178
0.6250534582394864,-0.15391990412466963,0.12497173040292736
0.6268554626290788,-0.15479802759006853,0.124414361670766
0.6207988969592185,-0.15063246416338147,0.12565538731417072
0.6200207734619005,-0.15016574187261694,0.12362383926774717
0.6265056589467521,-0.15209606236095602,0.12036525868073436
0.6253103353667058,-0.1510922171704557,0.12287726292810405
0.6294905630584033,-0.15141820382568194,0.1237340996755105
0.6269113952818353,-0.15032524413830764,0.12812505499672294
0.6272137645322597,-0.15120722646808082,0.12861860333828815
0.6264965185674756,-0.15102538836507895,0.12922033104743533
0.6242939059421858,-0.1511435563444011,0.12967593800504756
0.6257830932272683,-0.15310347420958326,0.128367423381516
0.6276538791123352,-0.1533176211050861,0.1278414059126419
0.628442379840916,-0.1546950563988031,0.12936119816418398
0.625870409311613,-0.15359993141339037,0.1314575748382542
0.6268602667327338,-0.15421263825938195,0.1320015920053203
0.6269294269306585,-0.15454894171882694,0.13197576832189803
0.6272207418786009,-0.15513790162982252,0.13161737789683106
0.6187201879250044,-0.15438677400061804,0.12784667661896545
0.6207494187498603,-0.15592120663843,0.12661566643617858
0.627275868204046,-0.15831835529954408,0.1226814422707593
0.622031140203768,-0.15678228941430164,0.12521462745118497
0.6277983651033328,-0.14747177222011673,0.12400559376521159
0.6275044741994237,-0.1477073589806355,0.12487027188832031
0.6241613200645855,-0.14629368793995695,0.12783384105049878
0.6276991405840125,-0.1470411322842284,0.12622300801169323
0.6280069382363852,-0.14760589965965232,0.12590924264624284
0.6288377946167687,-0.14799250481027132,0.12511620471633808
0.6251358804688747,-0.14722185405847338,0.12768785523091894
0.6258290209697778,-0.1477696974627087,0.1271435900568992
0.6266910769627773,-0.14801134738175625,0.12682323737752677
0.6251979370195241,-0.14764749448796652,0.12734044421885174
0.626533821979569,-0.14857548673396806,0.12533948515972734
0.6253269392430832,-0.14850216107791653,0.12605131867213706
0.6242355545298869,-0.1479787754238821,0.12598847118062811
0.6258917624510048,-0.1477377845649946,0.12530356421060873
0.6270834513444187,-0.14820610250540334,0.12582093686092782
0.6260929807146631,-0.147240207671405,0.12613255288593253
0.6244777108110763,-0.14658227593543888,0.12716037976468658
0.622972593143011,-0.14616815532928024,0.12765916142973258
0.6274821163964286,-0.14723186134706262,0.12510802995073392
0.6243265903400912,-0.14657527368583118,0.1265233791873871
0.6261595690844957,-0.14723900496226666,0.12599034660822345
0.6284050321717022,-0.14700973505461012,0.1258200847774615
0.6247427861292292,-0.14593459175432044,0.12782361816591037
0.6290014755638093,-0.1468531801598249,0.1255824164838272
0.6248002249970884,-0.14627496194030443,0.12728143708638934
0.6273172816257516,-0.14686591365155954,0.1257055970563568
0.6234079886067985,-0.14592905812703422,0.1280347197888746
0.6257003942124334,-0.14652945612258714,0.12749393118258637
0.6268525442067362,-0.14654960216139382,0.12669116232196156
0.6268576624222923,-0.14641361285474927,0.12695243915436977
0.6250104833427359,-0.1459517594531226,0.12741941276363888
0.6279402439975377,-0.14660186065619993,0.12585966288087827
0.6289223729486213,-0.14651505383710495,0.12498865038171755
0.6290075197648426,-0.14706851524196157,0.125687661197821
0.6264816334268223,-0.14652529122154592,0.1267804785673152
0.6299609375121809,-0.14713988121300137,0.12498227270377213
0.6300011416585749,-0.14714171090440947,0.12480285503932523
0.6256101143530046,-0.1462705667916872,0.12720996113032831
0.6269176870508469,-0.14642605018728355,0.12670684558304504
0.629252741324556,-0.1473077509391935,0.12597994937529414
0.6279015921620588,-0.14665426056902248,0.12676739502201761
0.6233545330773385,-0.14521959451953886,0.12895438532489714
0.6286119464372573,-0.14662918050995838,0.1266278223186195
0.6255319086743147,-0.14603425565631906,0.12913537724063123
0.630523579922851,-0.1470643603428824,0.1259248451357809
0.6270364224243643,-0.14598492782907765,0.12805397538389898
0.6284476607674948,-0.14662563630585068,0.12733289196806055
0.6261010282131605,-0.1455816003987994,0.12859334320352037
0.6249768888616933,-0.1453972302420708,0.12919735000863852
0.6259826374099989,-0.1456636625839236,0.1291032415498756
0.6289280774106758,-0.14605494700644647,0.12735519282849855
0.6284085118915405,-0.14615693036359648,0.12829208985698548
0.6291910800375871,-0.146146224286747,0.12858494271062534
0.628999411083065,-0.14636310458395094,0.1286240750778072
0.626100420900747,-0.14545911397113115,0.13042525521505424
0.6271723735743134,-0.14538620113711728,0.1294965384429549
0.627752589324525,-0.1453909324233164,0.12928727324140865
0.6276678496921476,-0.14506449053839574,0.12978697515518856
0.6289498291182528,-0.1452757099177507,0.12900907231791742
0.6268910396228715,-0.14484158174731532,0.1299751800102189
0.62676933813174,-0.14435444804953257,0.13066996110968837
0.6279794030381713,-0.14507383159845103,0.13012130989547488
0.6276260743995739,-0.14499608113779283,0.13005741453880829
0.623938244404781,-0.14377769086795766,0.13232727198187363
0.6292005794008689,-0.1452322363845823,0.13001654360925824
0.6281128130829458,-0.1446799306964548,0.1296966265793097
0.6262181548613321,-0.14439941164929976,0.13089580317982746
0.6321011720958083,-0.14567872529713477,0.12816513471431015
0.6338886105425021,-0.14603149070231125,0.12698919171883524
0.6259632686070854,-0.14414463827179258,0.1314279133628526
0.6313375033979587,-0.14559162155535038,0.12882469292940713
0.6291737162226088,-0.14415377790157338,0.12976264939589927
0.6265974467198222,-0.14333158308406357,0.13083410892165082
0.6325749181965784,-0.14507319048016465,0.1282991011710464
0.6272313644502361,-0.1442065466290147,0.13121704613179824
0.6283460314011285,-0.14431828473988323,0.1305050732180718
0.6289325537720787,-0.1446060503880313,0.13044687744991773
0.6307683380139726,-0.14511813606441587,0.12915402610456272
0.6280125527251655,-0.14398493768534767,0.13092507730337943
0.6276138379975365,-0.14384398680025037,0.1308809528441075
0.6279454657343966,-0.1441734075072158,0.13044493859906625
0.6291397870369577,-0.14418805072496824,0.12992121970643314
0.630612400275013,-0.14518248850771281,0.12877186424393358
0.6308057330287438,-0.1452947889082161,0.12907974881790513
0.6282651719284739,-0.14489999479647403,0.13051208272263506
0.6344831317792745,-0.14637962422279152,0.1270648210443083
0.6289432228608988,-0.144719183274521,0.13008637592369673
0.6264444541618097,-0.14378282651094382,0.1312408469757856
0.6252666693598214,-0.14388500109644609,0.13165157902270197
0.6264030772183822,-0.1441589804440024,0.13104842611575301
0.6295016702372005,-0.1448673658259067,0.1291794705017773
0.6299430185263697,-0.14526613708594494,0.12897351913943342
0.6293082989110078,-0.14494976262257156,0.12916973896601408
0.6308051065165631,-0.14535130706095906,0.12826580189288564
0.6306898105884461,-0.14511764981101666,0.12837589721434678
0.6297338889897082,-0.1448545010120511,0.12893187308575657
0.6305398836712113,-0.14509760378490155,0.1282693995167096
0.6293398709351818,-0.14463936919753406,0.12956324086825938
0.6286579933419638,-0.14472172515931309,0.12976657617148094
0.6296638548904308,-0.14451925007634378,0.12910702234401236
0.6310310803828025,-0.14517542319463578,0.12755723352319934
0.6285373975508117,-0.14449813408121653,0.1292288670107311
0.6271563211630566,-0.143935743927476,0.12985717926572962
0.6296518765275978,-0.14502687323533778,0.1285995632838561
0.6249205527775776,-0.14391940719717725,0.13116613328676932
0.6311832327874465,-0.14531453824204105,0.1283669426745847
0.6286845384078174,-0.14499718244006224,0.13018498137827653
0.6302002696420813,-0.1449855917783635,0.12875040313731118
0.627659334077875,-0.1446208065380709,0.1305599839072176
0.6297519663061653,-0.1451416180444705,0.12879449069794977
0.6277077663838235,-0.1447647083806019,0.12988937272524326
0.6283377630236553,-0.14499542925771258,0.12916737236507467
0.6323307713437312,-0.1462400491409639,0.12699405778545236
0.6296307254783063,-0.14524519981800904,0.12812457465872193
0.6272207238429589,-0.14493404017972478,0.129588764281805
0.6314213614008755,-0.1457326863294055,0.12759534392485572
0.6292577140742786,-0.1444348228973227,0.12800535133580931
0.627218562644916,-0.14432717853432103,0.12902939591475737
0.6280451374958392,-0.14468348510184328,0.12904275706586818
0.6270723443892842,-0.1440863648510144,0.12938057795949273
0.6302763613226723,-0.14499431715139602,0.12797464172350337
0.6260588236914684,-0.14366059932563707,0.13039898368619196
0.6297307506375863,-0.14516508110108217,0.12878762795899862
0.6290092703561527,-0.14468687301247474,0.12887335589025717
0.6271303718316201,-0.14460109064648907,0.12925975848696414
0.6307105884718069,-0.14490186793251433,0.12771906113511966
0.6245954808589111,-0.14385720045735576,0.13108405568557452
0.62777449909192,-0.14461884026278193,0.12863382443054008
0.6265650459948902,-0.144539740621967,0.1295338641435507
0.6259317943630842,-0.1441683307291243,0.1294070723287317
0.6276739705328583,-0.14447470120079853,0.12924349812667077
0.6242622364881787,-0.1435889857543148,0.13072156707769889
0.6293311254528792,-0.1450160291337928,0.12819821171646828
0.6257542773202046,-0.14365836149547823,0.12988511175693726
0.6272171346878375,-0.1440771936044623,0.1291828247619945
0.6281477048714529,-0.14409557728159478,0.12829171966782077
0.6247213759332801,-0.1433734979557555,0.13081607087475647
0.6255511292629774,-0.1436599680935641,0.13064304041984875
0.6284357106723318,-0.14447738132836352,0.12909634728956448
0.6277395848064353,-0.1445061028537991,0.12923883491831334
0.6243151403421887,-0.14329171059223156,0.13099596038726424
0.6267506792307977,-0.1436340025766874,0.12963566883845498
0.6272089031409894,-0.14371977354235174,0.1294403166982653
0.6269804700386092,-0.1437841630833621,0.1299458749577869
0.6247452926955772,-0.14344341379164008,0.13117613627604646
0.6287642641721005,-0.14492509968141717,0.12896418400311135
0.6272732601655868,-0.14422300223467163,0.12956095380912844
0.6253917364566115,-0.14402919041127446,0.13096054545714936
0.6274385619994669,-0.14444229036036582,0.12866371673524826
0.6261946718061272,-0.14430891478414448,0.12950059851505394
0.6273823229117294,-0.14471327562735728,0.12905708234900945
0.6273621446425626,-0.14488111643677076,0.12920645645302595
0.6275392162752702,-0.14426434089196558,0.12956809824932206
0.6277865246136924,-0.14477486134058,0.12917154425098032
0.6312878403055273,-0.14539889481829668,0.1276890558274976
0.62993185137251,-0.1456441621127954,0.12841849681745227
0.6306915529740023,-0.14584492559635678,0.12760493884940818
0.6265575173809106,-0.14473168492616548,0.13009190350735347
0.6275805487117923,-0.1453859516038862,0.12940231018327517
0.6279212092706723,-0.14550461659138975,0.12875407656380508
0.6281959459370268,-0.1464283645734562,0.12857238472019145
0.6242193364733695,-0.1452482121554148,0.13018644720975847
0.6260359842537125,-0.14558085250189837,0.1292275329847599
0.6290086533045361,-0.14638786321085012,0.12761751019949671
0.6254289260740786,-0.14484947370514006,0.12954867765096748
0.6265580820101184,-0.14472400998356602,0.12890808070536858
0.6273578515945128,-0.14478537628511778,0.12866826781777216
0.6298063681591302,-0.14582296473663364,0.12729784979986208
0.6281973841892892,-0.14531141444044454,0.1276048970919201
0.6289464146753635,-0.14553582229818432,0.12708375931267102
0.6323511011941788,-0.14623594073206514,0.12454237491543943
0.6310346919098139,-0.14603140885270008,0.1253905743109184
0.6283615406146325,-0.14503546030004763,0.12676288148613782
0.6266269674002677,-0.1440748159577698,0.12743968657055238
0.62819603274396,-0.14467571014919461,0.12651129940780867
0.6309497839785971,-0.14563600895995735,0.12555345044768648
0.6289553769716199,-0.1445565116075804,0.12588957701844913
0.6278854847346328,-0.14435594756741899,0.12656787862512905
0.6286947340037916,-0.14482854809170012,0.12570296762757172
0.6308308230434339,-0.14506206204655758,0.12520246934511023
0.6264661512387564,-0.1436565596517972,0.12731334195165947
0.6274689402014367,-0.14454891592705277,0.12749788998335929
0.6301516407420904,-0.1451533748430478,0.1263645519545316
0.6225352214403638,-0.14355021634429385,0.13021660943779323
0.62862590469852,-0.14551845538468014,0.12746281627992567
0.6280035320276688,-0.14573127846349893,0.12772345794788034
0.6276561232480701,-0.14565182814002725,0.12796117936668097
0.6266448062189423,-0.14513478127198282,0.12908753503597864
0.6300203539593053,-0.14583819593699254,0.12704084990806888
0.6279770818989457,-0.1452899818228035,0.1282657904342618
0.6302079829160918,-0.14546696912960314,0.12735368566069838
0.628659649944261,-0.1457051894779385,0.12816603202516252
0.6283629623444786,-0.14520969511062878,0.12805896337425213
0.626243957407086,-0.14483651118432228,0.1294210694313949
0.6300862848374683,-0.1458294179427212,0.1278976656112488
0.6281981794009861,-0.14534231071724923,0.12897896350705484
0.6282084789091174,-0.14525092800726272,0.12928838596848824
0.6262932922472699,-0.14456898365905668,0.13008324583538075
0.6283368791067114,-0.14507120543202656,0.12915347266366176
0.6346675621934476,-0.1464118462298231,0.12606289158499268
0.6333769295078353,-0.14594892507122809,0.12747879436717433
0.6285036223733541,-0.1445361870474026,0.12973632756188755
0.6317363733430625,-0.14513527738041287,0.12802169454663984
0.6308916077113083,-0.1447219868693566,0.12861347525918093
0.6278483992571826,-0.1439179709982528,0.13025250472126063
0.6324287578479394,-0.14484025909211715,0.12781991598201922
0.6292383396661341,-0.14402048980782126,0.1297969821136496
0.6274487444912569,-0.14348199148544477,0.13035554328042434
0.6281788591967814,-0.14372797623244163,0.12992893731405378
0.6282150531872972,-0.14388660887636964,0.1287279629695267
0.6283988247954606,-0.14393560036651049,0.1290338891072247
0.6288313890917617,-0.14395841143888743,0.12834322913996837
0.6281559625487451,-0.14390941208832314,0.12847382859118306
0.6289089631847771,-0.14393433555927554,0.12872519232441845
0.6282004129125522,-0.14423639926913948,0.1290889167185475
0.6287969948532028,-0.14381245066728776,0.12849856979407415
0.6290938586630311,-0.14407180210145878,0.128718967270605
0.6307106515611174,-0.14390486405148695,0.12838096423314466
0.6276314649730812,-0.1419059675056225,0.13029760416620043
0.6345691940220177,-0.1434129908068391,0.12646215371005623
0.628546869410844,-0.14077911265315185,0.13004417961409676
0.631683413307728,-0.14056306781672928,0.12954098989213403
0.6304612643531785,-0.14049378575827445,0.1301306556879619
0.6301798237432034,-0.14002632052386557,0.13019201286249976
0.6318801217060301,-0.14006257982228432,0.1292318013679614
0.632257161464302,-0.13948532193117452,0.12930466178879385
0.6308004661991223,-0.13868474566168118,0.12990023525298602
0.631966879678791,-0.13880470150777582,0.12874687483999003
0.6275712860193446,-0.13687688229661998,0.1308876957489867
0.6309221189703151,-0.13942357976842815,0.12966199020678712
0.6275081343622828,-0.1419844004913134,0.13066956886068873
0.6282420088399022,-0.14125913375262913,0.12986285858769303
0.6288921037451944,-0.14057671361434296,0.12984644938997655
0.6294596971588367,-0.1395703088019156,0.12919168526979236
0.6278933890240598,-0.1387154383433644,0.12990695056628354
0.6273088294210281,-0.13808857285151765,0.13076239545057453
0.6304772543456312,-0.13897781412076732,0.1291267970485325
0.6289661881720026,-0.13866519659055215,0.12959999311664394
0.6284760032137462,-0.13980459199267303,0.1294510954125704
0.6277917772807986,-0.14024011126826308,0.1299758480659562
0.6284291647388496,-0.14028675415556274,0.12900503662644583
0.6282746510244035,-0.1403130554811018,0.12937834517290317
0.6307462261758237,-0.14125430368704936,0.12906122191325328
0.6305509653839511,-0.14170871320735326,0.12893910727768085
0.6304257007874572,-0.14184582100084858,0.12887947604068653
0.6308126548653157,-0.14189100654378828,0.12929282386669055
0.6299727382705154,-0.14156495105257857,0.12944444757514303
0.630234711867869,-0.14170484546743914,0.12942717981640225
0.6295714712135951,-0.14161829947893137,0.12977626416641438
0.6287237391943267,-0.1413863841787548,0.13019798206379554
0.6299701311618023,-0.14178925374054935,0.1291363301828462
0.6272225990172009,-0.14230179314814276,0.13160764481878418
0.6276278919020304,-0.14255729109274323,0.13124824345792713
0.6270498774662241,-0.1421014258996048,0.13156733282478336
0.6314402905349641,-0.14326318126424165,0.1291275135737075
0.6277106041606135,-0.14365696076692572,0.1308060455557957
0.6282830643385372,-0.1440505447559815,0.13044010738513984
0.6280694063494028,-0.14415636536355167,0.13067349878576878
0.6293255957120063,-0.14446272960633846,0.13049867048135197
0.6294943987731088,-0.14477361156727456,0.1308453498988597
0.6302385190648899,-0.14478109425332114,0.1298614090578986
0.6317144340869917,-0.14549413473189882,0.12862662808306508
0.6300632206779234,-0.14527432373904892,0.12942666496803146
0.6257723953942605,-0.14397031154460818,0.13182756236349333
0.6305822610794753,-0.14563823001146362,0.12915983681424284
0.6302540089721445,-0.1453921431330611,0.1299934526570373
0.6294483151761547,-0.14521909336288902,0.13035877080941174
0.6276836492545895,-0.14493500949382548,0.13079754338136368
0.6282581845886713,-0.1467463413559949,0.1303992831080588
0.6244616265042366,-0.1459034200232015,0.13168215631323835
0.6275046255878496,-0.14755161731976824,0.1305298349536919
0.6278400016059256,-0.14760906792910278,0.1302827601866148
0.6279801581092528,-0.1488543481200367,0.12965849799005993
0.6267920087500956,-0.14993768818174888,0.13003325977095348
0.6282661687770965,-0.15021259177024812,0.12940243258606565
0.6270079463736609,-0.15394386115325076,0.13071251887174412
0.6265811148120379,-0.15378155468638413,0.13082234209083884
0.6250506054624496,-0.15317656493040682,0.1312202020051674
0.6273538968531172,-0.1533240167271835,0.1300406807561969
0.6243483525793576,-0.15233877787207284,0.1314220077408122
0.6252616001726599,-0.1528873649833098,0.1311224670952579
0.6237438370331962,-0.15277481018080113,0.13217344839078113
0.6261419174008156,-0.15529731070184907,0.13032405839077374
0.6245886745846463,-0.15560170732850886,0.13132505190040444
0.6251607039879059,-0.15559963021939283,0.13075937065082305
0.6255645448809527,-0.1493301972009383,0.13116291521884876
0.6266425921903016,-0.1528761715219224,0.13049936304490717
0.6271985696092,-0.15335142937726015,0.12958127907053585
0.6273389242720667,-0.1539356038682954,0.1302476514827534
0.6250428011050023,-0.15554471803568357,0.13094856147683112
0.625618335772594,-0.15549357943052133,0.12993270460945625
0.6195898283219835,-0.1512389805685597,0.13476090602961133
0.6307948431241551,-0.14521755416580392,0.12845339853292861
0.6302157046877236,-0.14934744046253648,0.12905889779095703
0.6295632301336392,-0.14922902883990968,0.12893315421015744
0.6255196126185341,-0.14845941622772366,0.13180676637812763
0.6243977774504506,-0.14902883454592444,0.13280164931570748
0.6268494833045395,-0.149503528940303,0.13171923009961725
0.6275600516140574,-0.1488140848470076,0.1306161264073374
0.6274561275804245,-0.14886839142969863,0.13017812390436706
0.6326543234467843,-0.1478733788117183,0.12765667605402733
0.631835490526796,-0.1479303161148584,0.12853181563716856
0.6296035359860233,-0.14421907907843023,0.130410794663928
0.6298405200095816,-0.14409945358491516,0.13036700325239786
0.6315232293978705,-0.14161721077039197,0.13012683140151723
0.62944053999351,-0.14633471774836843,0.13050076274135627
0.6286522080505135,-0.14595592010927094,0.13054801102367755
0.6272655627138395,-0.14557796280075908,0.13138506041465842
0.6315997157661664,-0.14423156805536036,0.1291904497396791
0.6293839872529778,-0.14162825508032825,0.12971403008257096
0.6301991372256625,-0.14030113074473172,0.12893059522927083
0.6328210831364042,-0.1441101625548005,0.1291725149380285
0.6247944322280623,-0.14958792276719077,0.13177202362293694
0.6259528963777021,-0.1505229949018424,0.13069765687133417
0.6320553991363197,-0.1524408291271479,0.1277307797898885
0.626459386595195,-0.15094556051951982,0.1313235452487805
0.6321154113005174,-0.1520753506753068,0.1284266177514683
0.630050837999643,-0.1511361090033121,0.1293351214165419
0.6289379625437601,-0.15075616758459745,0.1303709469129033
0.629752973830459,-0.14997332987622974,0.13062039597527286
0.6304340926027964,-0.1501209548553099,0.12980968293926282
0.6280651720061967,-0.14957363695897646,0.13126428375336988
0.6278572164960428,-0.15060118662234903,0.13115995435213992
0.625804281697762,-0.15002730101118736,0.13220491793434702
0.6260638672276574,-0.14978599275911467,0.13237851244158985
0.6249021322027476,-0.14938367818739956,0.13283497187098123
0.6310106553236975,-0.15132794106221173,0.12944428790917456
0.6262459052282274,-0.14983658391672758,0.1319992659310887
0.6315404113956464,-0.15161723808819444,0.1290438218576268
0.626643016716365,-0.1497329550139183,0.13198929851348046
0.6286126471087135,-0.15037490011015497,0.13168918645482253
0.6297352656310404,-0.15063850105439985,0.13132704339573537
0.6188949100944008,-0.14748909637196864,0.1341406214143097
0.6230534475744234,-0.15017413008974786,0.1233211366418352
0.6226597852223801,-0.14994829948222424,0.12236106531706828
0.6214441803042813,-0.1499188755148206,0.12173477357870055
0.6254842925255711,-0.15072612017849685,0.12002997602226101
0.6248166221930838,-0.1505766112479208,0.12080474771653443
0.6255327541224176,-0.15060350579947662,0.12115422434634787
0.6283523116507789,-0.15161898071236193,0.1200435627467541
0.6235235828740601,-0.14991697765309037,0.12172465971064575
0.6254071062620707,-0.15011481849794941,0.12061142083009246
0.6269761303356314,-0.14962436109260843,0.11844233053534822
0.6242611732156269,-0.14934620488438596,0.12083413850049479
0.6247036234290166,-0.1488216608177397,0.12368809967787517
0.6281607502354796,-0.14963400087117357,0.12588471534956264
0.6256491697238522,-0.1487036057248088,0.12920692891122637
0.628932947217907,-0.14933689427672286,0.13053684961581205
0.6266380232661721,-0.14794567473103581,0.13243025088764987
0.627316929349053,-0.14828468170996068,0.13065735181611168
0.6311206677471848,-0.14943158879090102,0.12868991292151424
0.6290110623704859,-0.1493081525410082,0.127686752749894
0.6288492232027568,-0.1490711181935377,0.1277097569913124
0.6263255489942513,-0.1484592317796726,0.12820240235585198
0.6307541996055979,-0.14965768585945557,0.12611664644392265
0.6280983187925764,-0.1485417509401266,0.12719222688121218
0.6283479908809879,-0.1485099743538411,0.12477768386870794
0.6256562161904762,-0.14743182921794587,0.12478617878026654
0.6297139766613943,-0.14801436027269818,0.12286260600586524
0.6311277999272777,-0.1483738439424676,0.1228195763510262
0.6293406716082371,-0.14781404394001418,0.12409884703183058
0.626468827883149,-0.1470339321833263,0.12574912132178492
0.6258711939646554,-0.14705479245043318,0.1258188519959048
0.6292285732367005,-0.1476814223600046,0.12406956038334802
0.6264956168964964,-0.14716962027965586,0.12589452986536578
0.6278104805675988,-0.14695358475437825,0.12499523613105812
0.6307041779924163,-0.14849552845600694,0.1246754255484877
0.6296996833794816,-0.14858079979494537,0.12506862481537406
0.6277634961139573,-0.14798778482173863,0.12586512214355194
0.6293629940038098,-0.14848361877817398,0.12542501381117727
0.6293458563610961,-0.14875243712613534,0.12537103046342998
0.6274246201333488,-0.14824366845616366,0.12647221062160344
0.6267249277623712,-0.14819861308116514,0.12702292925716288
0.628445678105881,-0.14873110297385495,0.12561832956052243
0.6292388449681448,-0.14908236904821334,0.12591276690164674
0.6274551430003146,-0.14833678087389426,0.1273592781655434
0.6268892462597714,-0.14798817699266675,0.12805003422434705
0.6310782159878834,-0.149141924218093,0.1254251040394149
0.6300041724634204,-0.14861835906125961,0.12627168882702836
0.6288680271690749,-0.14812680548670656,0.12619208274415789
0.6307187398235289,-0.1487776113009604,0.12495052129921702
0.6273479208785693,-0.14810967665296465,0.12755079776637815
0.6311537493602554,-0.14949686660941872,0.12538911317888063
0.6281481090849301,-0.14884303025647747,0.1270941782964499
0.6294204044095572,-0.14887972952491976,0.12661014392361167
0.6252109455391723,-0.14779423643338518,0.12895161258300514
0.6253333383865396,-0.14790534475803258,0.12881523659096852
0.6263012060053829,-0.14804730616216813,0.12758557180250565
0.6286370472011443,-0.14856907177270381,0.12599462887008955
0.6278996343969696,-0.14850687177281538,0.1264675049025823
0.6256440082780221,-0.14815643418634614,0.1278079513631177
0.6287511142471746,-0.14868525798532323,0.1259382953896883
0.6279673270882576,-0.14867740508280453,0.12685812769003538
0.6262466081338616,-0.14810122176753443,0.12805327996536037
0.6315457031436396,-0.1500028896182579,0.12486709321216333
0.6264349464152521,-0.14846359631065917,0.12817047370534532
0.628836074356222,-0.1491285233228763,0.12653073478579985
0.6280925794400822,-0.14890727929943012,0.12716062018550625
0.6270916148173528,-0.14860643010527652,0.1280950923793136
0.6287031526689008,-0.14891907306203633,0.12722506789642826
0.6276833060810247,-0.1486078094598957,0.12742205604489515
0.6247752746247738,-0.14771904699016,0.12885297219880687
0.6278324704239401,-0.14859991780709603,0.12756268486522512
0.6278767574960241,-0.14895090352759316,0.12766254068070804
0.6262524517051193,-0.14837750397990926,0.12926132354184033
0.6279484749956233,-0.14857471713854714,0.12816658906765194
0.6265965769333803,-0.14756890181077864,0.1290771882165695
0.6302447274568852,-0.1492753978086231,0.1271108093595907
0.6268620068400894,-0.1479309759189552,0.12921357999960334
0.6275856680064913,-0.14803875151229898,0.1288013200726154
0.6286797291138428,-0.14847004575441047,0.12762980694712728
0.6295164372196814,-0.14865422396438835,0.12719586208816397
0.6306100036957161,-0.1492814553953307,0.12652836460501551
0.6265686017470714,-0.14777270843600546,0.12878131703846868
0.6290522732322787,-0.14816875556564815,0.1271286941529574
0.6309415036404602,-0.14910552171429198,0.12574369656143644
0.6313434206057472,-0.14915273798604625,0.12587810628964835
0.626759790206004,-0.14729629630916397,0.12858077340423177
0.6291283432340445,-0.14887185906594846,0.12754754450637174
0.6302880113880025,-0.14874907203644094,0.12654127554143213
0.6255885855967829,-0.14737072619930386,0.12855365716756292
0.6288894553025766,-0.14861702640945992,0.12719120327955574
0.6270159216625452,-0.14805924664010753,0.12785292187037275
0.6266780270401279,-0.1480424531374493,0.12768330106474518
0.6280834379276191,-0.14803895380016283,0.12659834254104918
0.6256987660331379,-0.14753196604469299,0.1287005864095503
0.6304007722177005,-0.1484045111958339,0.12609161594473262
0.6262179068523455,-0.14765322370366732,0.1278243630515692
0.628764982991459,-0.1482591195460882,0.12677825106828158
0.6281719698895878,-0.14788874617723963,0.1268214208567526
0.6281804114859528,-0.14765367807866903,0.12667403662197393
0.6269030289017927,-0.1472115393976121,0.12728229301005942
0.6288680872513772,-0.1478145517409829,0.12608461217681466
0.6282373487877277,-0.14779598205525274,0.12641598173097435
0.632054968739771,-0.14898533979565082,0.12471227208300978
0.6282396756664237,-0.14760299057806076,0.12642150450558687
0.6277180700881757,-0.14771467007377947,0.12669527134227837
0.628951476997232,-0.14818298973861432,0.12613449574064742
0.6289202220226204,-0.14782730490302715,0.12617633053281627
0.6267038729149188,-0.14749612808642062,0.12661801952689805
0.6286419765083351,-0.14794450198987208,0.12581014434236218
0.6268281207770326,-0.14721263555875008,0.12680204352877436
0.6283090894505039,-0.14767575786066978,0.1251513362719893
0.6270146081931478,-0.14737183706663956,0.12630412161828564
0.627558536112973,-0.14754532923480762,0.1258716879977444
0.628313227388879,-0.14763888849712292,0.1252703039093105
0.6303886039855349,-0.1486415560576136,0.12445450946353662
0.6286649782611341,-0.1481071869747832,0.12529869416558576
0.6268567802069462,-0.14789913601082866,0.12628009964358847
0.626575790349279,-0.14769732771330044,0.12643666993859617
0.6285971347067594,-0.14795004243777804,0.1251710274391001
0.6265471348887006,-0.14764296421138456,0.12627768741057652
0.6270806972190325,-0.1477586283934887,0.1257228516111962
0.6264859727342081,-0.14782993734356395,0.12585965197928534
0.6307402030307017,-0.1489581108224761,0.12385248977017155
0.6292398515005069,-0.14869330549637771,0.12484260521528115
0.6291857738830487,-0.14857599423544277,0.12442124841179678
0.6263958382455591,-0.14761392065652712,0.12585725612619206
0.626662724129753,-0.1470303642973493,0.12490213674260259
0.6243803710482079,-0.14711034664906855,0.126501741993933
0.6285783548340403,-0.14853584213567983,0.12417818313718146
0.6282015963530658,-0.1479235783987598,0.12447029409794369
0.6294175369422177,-0.1488290445302827,0.12397130586275182
0.6293695652372764,-0.148381730066822,0.12402184152109366
0.6295747414955268,-0.14859151590305064,0.12417284646860119
0.6283856210126914,-0.14822965884872646,0.12427149795461473
0.6279360751750345,-0.1478914666429716,0.12426138393191605
0.623863517728579,-0.14718096388680654,0.12669955685728787
0.6243778576428889,-0.14737269064656563,0.12628447958283334
0.6305113610368571,-0.1492875976737831,0.12298047176303833
0.6269452513431775,-0.14799557541637023,0.12484664670562332
0.6275993841921247,-0.14840085553143376,0.12451457754085826
0.6086988174839388,-0.14383023308746862,0.040184277331667295
0.6062874648941051,-0.14286785172577546,0.043581020338867404
0.605878626135463,-0.14312916589674138,0.04582953968816417
0.6072845175924722,-0.14373908827932688,0.04579321090450322
0.6113605935987588,-0.1445717202627478,0.045863875165864265
0.6089860861153004,-0.14418175460789168,0.047401661428547626
0.6063736278454225,-0.14325169928960174,0.04875369085043901
0.6080707327729942,-0.14321598720297993,0.04693555848263087
0.6126388713657294,-0.14389619045332724,0.043604866118871155
0.6080479513821491,-0.14063820023821055,0.04355147933507647
0.6095869879078888,-0.13988541222612622,0.04333349857109292
0.6067622416814975,-0.1383546608318878,0.045477633924440986
0.6065623717918135,-0.14136102233017675,0.044699092669025164
0.6053427417740426,-0.14174582649481152,0.044739768464429674
0.6044184208118776,-0.14304475981633502,0.044713241262975045
0.6046050279645271,-0.14319041012882366,0.04427162407661622
0.6060548839668447,-0.14496162035437174,0.042649148839807804
0.6042234053062687,-0.13996851339789995,0.044814129414546766
0.6062348355051809,-0.1365787981270549,0.04503660881628879
0.6045941124732332,-0.13660161390607772,0.04790025073079657
0.6081996199694513,-0.1370081542892123,0.048257178900307784
0.611030366122054,-0.13709142750166808,0.04893022447273304
0.6086342363235113,-0.1352064539189001,0.05252707250403177
0.6079297931838361,-0.13442639845758764,0.05335621543895286
0.6100854571784367,-0.1350301473530406,0.05170305272490838
0.6112709288597113,-0.13466151430016796,0.05026896214577803
0.6083463359938217,-0.13402656395034157,0.05152209634170235
0.6097418457696597,-0.13441662617939792,0.04999690928910744
0.6066749054683808,-0.1331978046507978,0.05136360528369316
0.6102874477836776,-0.13373967771242884,0.04950186748021418
0.6091742345191768,-0.1321436665270203,0.048586953704610525
0.6075898985243264,-0.13588757010039068,0.05029991948124862
0.6087827501968114,-0.13716197554300014,0.04872655919578217
0.6062633812613138,-0.13740503660380976,0.050024559668648105
0.6090832355683381,-0.13373994989221563,0.048184499419518134
0.6081025706503271,-0.1329954741278144,0.04841881123021596
0.6136215485987455,-0.13447256861002024,0.045183093539182206
0.608914655164875,-0.1332176098195819,0.04812888676800936
0.6105024267236095,-0.13342345106484385,0.0466885152467682
0.6067133959062309,-0.13327619296028517,0.04970172201786471
0.6101554573091069,-0.13444181586668202,0.0482197181907128
0.6112978121367812,-0.1349056758539269,0.04751845831710605
0.606134121945256,-0.1338129746949401,0.05152021068413071
0.6112474570013697,-0.1351203963743229,0.04778085098509427
0.6059978156595022,-0.1345769828187698,0.050523995072925265
0.6075913740504787,-0.13548588087883034,0.049300450429480114
0.6098834802740745,-0.13599403157959616,0.04760787662036503
0.6077560523496801,-0.13545094073239125,0.04969982852377414
0.6088478434506878,-0.13633204305942262,0.049052534388823954
0.6078156382425095,-0.13576587270528134,0.04997023826312408
0.6088229040085253,-0.13597884162948942,0.04911336803490035
0.6089125183329153,-0.13625551951533604,0.049185483302280675
0.6072770835953297,-0.13593635816850555,0.04992904014449506
0.6125470608473361,-0.1368509395843383,0.04611907370983531
0.6082106999970627,-0.1357611893940121,0.049182095200259235
0.6109109284389083,-0.13678030480472766,0.047616659958546526
0.6080495221622608,-0.136466590841398,0.049672612861230925
0.6070646496866914,-0.13630297539696212,0.050211195634620676
0.6084486620989424,-0.1357154843504075,0.04978928387239456
0.6102491689666869,-0.13584175952929572,0.04935710537214888
0.6072175553250654,-0.13522867424281956,0.05153176632517065
0.6087569184782514,-0.13571602755094894,0.050977707584915766
0.6097404278249479,-0.13581233618549432,0.04998277436573978
0.6090442950486942,-0.13620069669490364,0.05098499125655881
0.6082918994849362,-0.13572929993657598,0.05140590402425915
0.6093329420163724,-0.13635434608865898,0.0509956502680991
0.6117044962688292,-0.13660245718717892,0.049129908518306176
0.6109832502412995,-0.13649168632684033,0.05067209347741486
0.6128113244583732,-0.13709039118175748,0.05023983089874412
0.6115869558240291,-0.1366120802787918,0.05098597902109109
0.6084288028090381,-0.13561360411708992,0.053155267127610706
0.6080051616982851,-0.1353923423254094,0.05306221767899644
0.6120192027637431,-0.13619970580777452,0.050493641300351055
0.6095801082149019,-0.13603652192184493,0.05230995397685212
0.6112550617824841,-0.13542348204687166,0.052041022867557296
0.6092155793187666,-0.13453687480237164,0.053673616830189175
0.6102550692748528,-0.13431478765410423,0.05270619635763174
0.6135295392719071,-0.135068454975313,0.051146327273173364
0.6124759424106463,-0.1345271418573973,0.05152053118960215
0.6108414190739615,-0.1339008955641493,0.05247523485075112
0.6129852827159771,-0.1350149675939143,0.0519646868018116
0.5953580834233632,-0.13028368528315198,0.05422727203560873
0.6065101988483886,-0.13331878332840222,0.04365183387531679
0.6047142613303162,-0.13301201642063223,0.042511153421177894
0.607767578520683,-0.1288337054414456,0.03839455379559825
0.6090245871738015,-0.129356874471166,0.03902986874697412
0.6106754029667029,-0.12972010349928365,0.0396411944643954
0.6080416446218078,-0.1294129262008513,0.04028896653718794
0.6099315718823731,-0.1303620843260838,0.03946784467477671
0.6093137691497065,-0.13019099550845728,0.03968231548529544
0.6079151979374537,-0.13024593771446025,0.03966275264326363
0.6098281945511523,-0.1301827020747292,0.039129282080782646
0.6100963090992232,-0.12990935902450582,0.03952804578978447
0.609612907946852,-0.12940526950641704,0.04074391836028041
0.6121872328582367,-0.1299810356413773,0.039241807435312415
0.6115600353962003,-0.12949462543587353,0.03987423201517265
0.6105004758789131,-0.12917864498633794,0.03991366936991447
0.6091242580021072,-0.12904848197714552,0.039976566622348775
0.6111703593359248,-0.1295244802921652,0.03888946061410542
0.6121245296601605,-0.13002482050254505,0.03866279900212527
0.6108677281407309,-0.12944422780217307,0.039433007241528095
0.6093747982060623,-0.1291324329766575,0.04045300118258527
0.6085567616491044,-0.12888553577203618,0.04126348854802181
0.608806999894496,-0.12954510440918585,0.03941424827965262
0.6108342924786649,-0.12998106235074516,0.03744269749847612
0.6108729704763605,-0.12969526796026284,0.038012455788934474
0.6101140465752142,-0.13047138260698077,0.03982064155929743
0.6108318993640262,-0.13084221830391962,0.041752073768655584
0.6100076388927409,-0.13231324898089425,0.04471373306880794
0.6090466860068886,-0.13265508750303653,0.04732031533551462
0.6108531292218077,-0.13337206244874653,0.048832030356525946
0.6105677783270876,-0.13342276020547236,0.04857046036537338
0.6095062681163106,-0.13243737157584742,0.0479824898856942
0.6110437826701312,-0.1335256431137764,0.04513802583478849
0.6096033609086933,-0.13334039297226027,0.04585692579792566
0.6112627191601199,-0.13443901331838481,0.04411508070168324
0.6105091529109961,-0.1357595034557403,0.045369480355532565
0.6089725830974221,-0.1351949344632893,0.0467758294260443
0.6099384845427862,-0.13209164684917662,0.047025676341862555
0.6108557920427414,-0.1321508189866177,0.04644871303425835
0.6102411500877999,-0.13146871685015032,0.046826174635465345
0.6117208865897675,-0.1327349695607238,0.04493842224436123
0.6101027623929434,-0.13335035595001474,0.044885156802523196
0.606514566484263,-0.13291243213358833,0.047188257385037735
0.610245113100736,-0.13417383097063054,0.04515037972907071
0.606946946299042,-0.1335438404196428,0.04707326334510048
0.6117107531694659,-0.13439600674987412,0.044277546529736256
0.6101165697178802,-0.1342662725822758,0.0451362465084027
0.6093757799666413,-0.13377243255435683,0.04506641614407031
0.60955820572124,-0.13401506476908437,0.044941227539019746
0.6106372660178772,-0.1342991775514502,0.044007050173597906
0.6088939488179511,-0.13369111704876857,0.045263659063324746
0.6064877770855068,-0.13342857622393883,0.04685459119454821
0.6082367100219608,-0.1334024465267058,0.045615219257489625
0.6097677777152724,-0.13421618942637797,0.04472669608646185
0.6099374241712572,-0.13434567374322456,0.04414141966743995
0.6099322203184336,-0.1340710661583105,0.04401985998981761
0.6096098262786851,-0.13407771634629959,0.04457092637117849
0.6088506059051231,-0.13474979801998566,0.04491028662458857
0.607547382836587,-0.13399394821209956,0.045667770767799765
0.6129882223471701,-0.13526698814607194,0.042105856582810686
0.6090071228469877,-0.1344530004830667,0.04433750794774166
0.607148564859535,-0.1339769724508318,0.04539942182343798
0.6094774313850996,-0.13414935844846945,0.04393615826777364
0.6098903729806798,-0.13427775346026502,0.043895236715180086
0.6064560136400673,-0.13376393897341074,0.046022854684129755
0.6120055299726583,-0.13523231245814507,0.04254402983025368
0.6096461494718932,-0.13481429454531246,0.04341706611907303
0.6093921602263251,-0.13495725741535902,0.04322381205813419
0.6106574815797942,-0.134921150426894,0.04245814228735478
0.6108927679840694,-0.13527909067960217,0.04214689928964116
0.6088155624289364,-0.13440732705542013,0.04414550229132108
0.6096900001205041,-0.13439625677906766,0.04385345426878129
0.6086937188549643,-0.13428253976664284,0.04462926134278128
0.6099055120091679,-0.13463600185595298,0.04371157992973612
0.6106644072533196,-0.13486675201593565,0.043092940049108464
0.608148272969276,-0.13440860869112647,0.04488090409977946
0.6079709986849806,-0.13383449497176497,0.0451970691524492
0.6107763785315931,-0.1346889023762804,0.044338509459753817
0.6090571229959714,-0.13420277031466948,0.04578701058799639
0.6107584668029914,-0.13385926950014795,0.044745707936233226
0.6106166696568972,-0.13394252279793872,0.044483653129759826
0.612186216338716,-0.1347587868868954,0.04363996703375944
0.6103057019330349,-0.13406531304434569,0.044885642058808906
0.6092094302011481,-0.1338227944156054,0.04602646112556508
0.6121583481073122,-0.13447153239704196,0.044335288920277494
0.6113423027947351,-0.13414760278196142,0.044835915238713775
0.6124544217005788,-0.13472347653024738,0.045036930234076566
0.6084816277524105,-0.13391362229989617,0.04748713007327676
0.6111389142463715,-0.134435571334294,0.044978600685983194
0.610643363160468,-0.1339621897322052,0.045835396560458264
0.6097671185161133,-0.1336984259683972,0.04688330000987423
0.6094391552253692,-0.1327028485345189,0.04703017857082181
0.6096166437952504,-0.1334913805657474,0.04675409614353787
0.6091868669174835,-0.13338537528501915,0.04685199841427601
0.6103969290323001,-0.13343173445002735,0.04604043503454064
0.608906945887963,-0.13314949050481809,0.04706726935242139
0.6090458830659093,-0.1327625635780772,0.046846666582515406
0.6099896611341094,-0.1327007894746571,0.046362515515416036
0.6098569732051944,-0.13284730074427242,0.04669071252913887
0.6096533898776404,-0.13256382146292534,0.04609818498116386
0.6109403328611192,-0.13255182246964822,0.0447874615291991
0.6128294243001211,-0.13320766152174757,0.04414660836702938
0.6112827819941359,-0.13291663191134698,0.04515610971764378
0.608144548537514,-0.1317431161532131,0.0468557166379619
0.6103609743812323,-0.13231208314877033,0.04544278020817827
0.6094408573811715,-0.13239423749043053,0.04559723695783746
0.6085881908066958,-0.1322183521430125,0.04639549101924284
0.6108880500085068,-0.13293767283022817,0.04432900123665601
0.6098469784354156,-0.13288910923553732,0.04518867903092527
0.6086658763489203,-0.13253474106185076,0.04567055905065415
0.6097050519333949,-0.1324390472603556,0.044837041367833896
0.6092471253895719,-0.13235834019146536,0.045237969971981484
0.6099614141143734,-0.13263193129325992,0.04536409972568817
0.6103357036772484,-0.13282910246131938,0.045375178112654735
0.6104050488265049,-0.13265408825455385,0.044487986299732274
0.6059836890390304,-0.13151855218463676,0.04704554978045511
0.6105593410228976,-0.13270992353837174,0.044795751982072696
0.6106218642476272,-0.1328370442695343,0.04456699376130124
0.6107740011637356,-0.1325081283006305,0.044113263225525445
0.6105570320376774,-0.1325626821377156,0.044097858389184175
0.6085737916159967,-0.1322593646102731,0.0456591899495139
0.6094345431493933,-0.13269015299679165,0.04438972102622413
0.6096186266253466,-0.13269029234026972,0.044246629602929965
0.608854665443166,-0.1326482827146219,0.044873613405519486
0.611897258543517,-0.13290406942135094,0.04268019283642166
0.6122477157716342,-0.13276616680396724,0.0423913099142742
0.6094316371304865,-0.13221240655390834,0.04406357574971126
0.6127956291281151,-0.1333257561082453,0.04194837312025412
0.6077499422231493,-0.13239012575028905,0.0448372566815613
0.6092864993642522,-0.1327334239539705,0.043835885771263905
0.6091733927832093,-0.1327574333532399,0.0437985428688169
0.6091349385525143,-0.13245181217574725,0.0439075353808811
0.6077437012150693,-0.1321298829271847,0.04500233843348256
0.6087050005785759,-0.13232843060396,0.044080203701997
0.6106450775628481,-0.1326443382396821,0.04306480956404185
0.6079728096491174,-0.13188164350996934,0.044762496374949834
0.6123989602416349,-0.13294521868409087,0.042169220054458556
0.6101536768716547,-0.13247780730690323,0.04332421613452475
0.6089725652905386,-0.13225516185999225,0.044088198715877935
0.6098409241422886,-0.13259647939649322,0.044114491986669946
0.6093794839817493,-0.1324205219481343,0.04382364822427909
0.6095969005839382,-0.13261912934286907,0.04329241099800557
0.6086164665142277,-0.13233788360960982,0.04437517528627549
0.6076927840415832,-0.13210644199581656,0.044896618092896634
0.6091902734422681,-0.13238015851905846,0.0432982966352497
0.610897117638601,-0.13304903526785017,0.042632508577229
0.6070913754162632,-0.1321898206606872,0.04532414582247263
0.6118590923797174,-0.13317996856703535,0.042048983015458674
0.607957425996497,-0.1322357122321149,0.04448820769521533
0.6088607908338909,-0.13265427658878376,0.04398702070706301
0.6127556850753133,-0.13347829128391026,0.041584392628022715
0.6099707066941764,-0.132602995517064,0.04311932726519302
0.6100872062181741,-0.133101690536289,0.04358364345842808
0.609519185948089,-0.13273726644111233,0.044058477240581206
0.6103162114935515,-0.13277986971565214,0.04336426418949013
0.6099328991129307,-0.13260588720434713,0.04400314859334481
0.6088825248295409,-0.13247311956071323,0.04502310659668163
0.6091192619360889,-0.13241655309854056,0.04526057761324909
0.6124981654152811,-0.13337428663852505,0.04344456864032198
0.6092927566448361,-0.13281551414046616,0.04540290142830927
0.6093008424122115,-0.13283228477760062,0.04571876268603503
0.6096068305967036,-0.13260505285132065,0.044920736835223796
0.608623294028001,-0.13239229508036346,0.04429350341586874
0.6077984525858338,-0.13246314923594799,0.04492317295899467
0.6072706730671396,-0.13304819250980865,0.04512148021654511
0.6092339362144195,-0.1333765102612341,0.04369609870175534
0.6078408751783883,-0.13326272677239953,0.04490006512321726
0.6100035788784368,-0.13334773579458348,0.04455869159939485
0.607719775558294,-0.13240648509111827,0.04634242112618031
0.6062479780237898,-0.13194048560929386,0.04720699617438412
0.6107199277650822,-0.133185688892638,0.044310096020565626
0.6091339760559755,-0.132869717072534,0.045252433812057735
0.6075415045689229,-0.13212478439656256,0.04712973354382788
0.6092611643142256,-0.13260616515409013,0.04570971548188707
0.6120416925293783,-0.13288190046988105,0.04460287809303298
0.6068770093792204,-0.13176164806249405,0.04762113135269258
0.6112636985110936,-0.13293401343668418,0.044424062809033715
0.6101884829796025,-0.13254819933815667,0.0450417215165419
0.608476256556927,-0.13224355777145821,0.04635022340459932
0.612341062600837,-0.1329820878717249,0.043631464588591296
0.6090332345003097,-0.13226990538026,0.04558720921395304
0.6091090133563323,-0.13233477655885173,0.045588883571785366
0.6104870676408718,-0.13248453828525883,0.04517956322538591
0.6103785023284877,-0.13214635083941323,0.04434146494821678
0.6087201780208152,-0.13209763555311121,0.04538373639686594
0.6085118878981377,-0.13216146280565272,0.04540551118989189
0.6105519818136397,-0.13248797087828773,0.04407714860879358
0.6067232856037781,-0.1315051215806519,0.04656621496669727
0.6097201447370413,-0.1320635733503638,0.04413891509785728
0.6074610019750495,-0.13190338048226463,0.045304450419323905
0.6077943616002577,-0.13189630728283872,0.04493126347196191
0.6097599375664,-0.13263791162379782,0.04396547951619889
0.6099326688271146,-0.1323361575628504,0.04368546882325991
0.6101830500172762,-0.13243658060659844,0.04371013272288937
0.6100055956989147,-0.13247988611169204,0.04404394456262334
0.6104545665042087,-0.1324492136624277,0.0436598431400132
0.609074208928915,-0.13209075824114136,0.044103000116013924
0.607163803880389,-0.13152719352478875,0.045234901911212266
0.6074644271610871,-0.1323702417639373,0.04483247985293315
0.6075272198225644,-0.1322199559843165,0.04447189186840306
0.6070987020290557,-0.13221995310422258,0.04498814395518308
0.6080113113236261,-0.1328879453864006,0.04461891964344644
0.6073056088954558,-0.13238009242253482,0.04504764244209841
0.6085897175968096,-0.13263241895686215,0.04406249992804612
0.6087758612390489,-0.13202196839595198,0.043934323602736525
0.608490833336319,-0.13203450881128717,0.044149429098568505
0.6084079538077447,-0.1322911860949426,0.04409927567771005
0.6079758407116392,-0.13244990935817746,0.043815560034059065
0.6089057561777967,-0.13295702412135976,0.04321362474687662
0.6097841776550497,-0.13297863587146974,0.042642611528454444
0.6080185648259698,-0.1335514412532683,0.04324307448866582
0.6066892271225792,-0.13370942295250654,0.0436848558975772
0.6084236729649808,-0.1337790774006212,0.04196045903584189
0.6086595958664267,-0.13393110476165146,0.04250697819888899
0.6075709055914033,-0.13303040749619532,0.04316734767527658
0.6062106150280107,-0.1325135553862381,0.04402816275896876
0.606913237354018,-0.13288583456520656,0.04364220657859419
0.6065085077334409,-0.13307152493733107,0.04365043955838355
0.6085514605681952,-0.13404417410932137,0.04274620882080549
0.6106221043119343,-0.13455536036692914,0.04106566472975398
0.6074910208861217,-0.1340316736351787,0.04314183828821638
0.6123412723723596,-0.13483708276040257,0.039662609987650865
0.6085987836419691,-0.13393080402176025,0.04251388580646781
0.6074072843555206,-0.13372307050487678,0.04346141754106364
0.6098063886558063,-0.1339739775538598,0.04161533299314635
0.6107893543191754,-0.13428301950918853,0.04090602155803785
0.606574645237823,-0.13352531573034762,0.043769658604452366
0.6088549374951288,-0.13371382236253967,0.041972983391572016
0.6073465676349552,-0.1336278982792888,0.043348815343515645
0.6090869821731915,-0.13400500417689243,0.04225810572344668
0.606549549126919,-0.1335302647874473,0.04400613863438679
0.6088917088450502,-0.13389027307697415,0.04293191065429047
0.6107814405927717,-0.13448522524004075,0.04175455657251764
0.6085364722526927,-0.13352206465080962,0.04337185129552884
0.6091003749246093,-0.13323820985239382,0.04352648888484045
0.607954749471681,-0.13304698901334883,0.04399039097736063
0.6104823300844708,-0.13353613922101443,0.042482551378397404
0.6086846283716622,-0.13298517811562788,0.04343743135988609
0.6107954864496059,-0.13441851734823781,0.04228244756239552
0.6108749747421284,-0.13420006840003962,0.04216288051068007
0.6070500780572409,-0.13303222140984183,0.04441227514636026
0.6088324971604417,-0.13354940037155072,0.04324756226187959
0.6106171079561841,-0.1338952392182268,0.04214345570540434
0.6099450724347881,-0.1339383244236722,0.04239213990537355
0.609917151121156,-0.13353753379181052,0.044025529345409986
0.6082374418633181,-0.1302929055547005,0.044843275209124844
0.6108227777608048,-0.1297585127174607,0.04256114421826557
0.6080889962268665,-0.12851451397806266,0.04558795021321682
0.608912030095973,-0.1294322911225082,0.045331310121194957
0.6086221397316445,-0.12953656947404263,0.04509777442588464
0.6101846382335862,-0.1315898586954559,0.04283415473701191
0.6091743533172147,-0.13127215222280908,0.04399879876279472
0.6103207054796469,-0.13159787476380364,0.04324280050660517
0.6097074244792033,-0.13187789914861411,0.04346153262962016
0.6078183202216829,-0.1309110032418423,0.043500303742670665
0.6093693048876931,-0.13125425475110883,0.04243633261952123
0.6079867568835728,-0.13103880812724927,0.043417509783666486
0.6090737375477985,-0.13149674605796396,0.0422729191345409
0.6086272751727169,-0.13105518820113937,0.043234761016744616
0.6082582122472935,-0.130878938822685,0.04350030384287584
0.611194196417895,-0.13167227544696744,0.04164886691103231
0.6058416106019847,-0.1313024816402017,0.04483262715748143
0.608280473902179,-0.1317782472776341,0.04304541768250991
0.6092538445622705,-0.1323726921602609,0.04230629419622045
0.6075820596416474,-0.1318048009730648,0.04349018836852786
0.607260896562027,-0.1313447012329901,0.043443359890787236
0.6069449087061669,-0.13129830636024556,0.04350749686619321
0.6085517465097305,-0.13168086275885604,0.04242908268355222
0.607115082833928,-0.13150490595368347,0.043689637751172294
0.6094409652903287,-0.13239174769274722,0.0418362530692607
0.6073358985730286,-0.13146684468779637,0.04271573688626579
0.609988332464613,-0.1322679475494462,0.04090452993066934
0.610413282896515,-0.13249589686832977,0.040769857640161056
0.6093460056358431,-0.13238117160181131,0.0410409938755093
0.6072800824499358,-0.13272941595050008,0.04233074736721554
0.6064339372584334,-0.13258028426061408,0.042726138741270514
0.606401507343485,-0.13650898307083442,0.040286410738488654
0.6053682137086447,-0.13544114368529764,0.0410060120995166
0.6075824042166774,-0.12984690934118018,0.04136698157247953
0.6081453627506055,-0.12869841202628984,0.04367960564028128
0.6102653138950695,-0.12896456265834222,0.04159530493078417
0.6110800512340591,-0.128261739418989,0.041345937823370316
0.6118964360946972,-0.12745352323833223,0.04051378017529694
0.610431470568974,-0.12897902920150614,0.04091356195680346
0.6076812947882899,-0.1285583589324088,0.04238863543343119
0.6090644391694255,-0.12883821998679232,0.04162497221491629
0.6071899158033078,-0.1287862094860722,0.0428075011495932
0.6101653483604753,-0.12937692685823796,0.04058019377453709
0.6118369021733681,-0.12955907360445224,0.03921400327825453
0.6100568281985035,-0.12919353437817763,0.04028784088305265
0.6051888301473383,-0.1280976352575692,0.04366992728683239
0.6096911479384592,-0.12928254659149815,0.0410442181530381
0.6082073439006768,-0.1287400334148307,0.04160872893757006
0.6105949737790791,-0.12957776143721053,0.03915998055080033
0.6086607598666471,-0.12948738285753708,0.040956196663892164
0.6074334459252869,-0.1290917457061425,0.04132294034779127
0.609605009606939,-0.12956923653704902,0.03985327070308836
0.6099087402453935,-0.1293380031612198,0.0394662259748394
0.6110750269044611,-0.12978670807407208,0.03880128758783924
0.6064818692862275,-0.12825988558551182,0.04166312588832416
0.6090472301789182,-0.12895963676693023,0.040008367997900474
0.6098736711466548,-0.12945761390803892,0.03920960489266584
0.606727556632674,-0.12885496974371236,0.04135473787268046
0.607171170286953,-0.1288980530655526,0.04113603064493099
0.6104235529057828,-0.1293428254874198,0.03891358685325935
0.6101203708611502,-0.1293419266159299,0.03902414002925125
0.6095791589474735,-0.12955462493678685,0.03974614200369864
0.606180704675613,-0.12859212357735839,0.041900391643352464
0.6089465268450528,-0.12951147004262717,0.04001934894407194
0.609234006760728,-0.12920069871397594,0.0397815570578966
0.6083622200075465,-0.12851683382286197,0.04059390171923355
0.6052111637972166,-0.12817597565573344,0.04288422077355969
0.6089018073200667,-0.12886755226227847,0.04065283819418658
0.6095475745835944,-0.12894107804358224,0.04011219410315209
0.6078550651691085,-0.12818472600439831,0.04086331229594431
0.6089477181156011,-0.1285377623164913,0.04049055119775907
0.6070577824990773,-0.12803028363092436,0.04159195780984032
0.6086004539490089,-0.12839418186149182,0.04107813097789087
0.6098402322325411,-0.12849904713609295,0.04023553259488971
0.6107637235339367,-0.1286130158668621,0.03927875595341179
0.6077420571222223,-0.127848451983713,0.04154355996838649
0.6083568742701879,-0.12805498230955517,0.04139960833545425
0.6087394654243076,-0.12837897968228604,0.04161966969508141
0.6085543615560276,-0.12831562295036314,0.04205077341870084
0.6079190862385081,-0.1281104373986803,0.04258060236229044
0.6096774491000192,-0.12823349974230683,0.0416503897574762
0.6102133185701334,-0.12841219947465352,0.041185378339521406
0.60947995143028,-0.12851200196132537,0.04213171937462912
0.608803759923592,-0.12704674521158887,0.042517564864755164
0.610917457737103,-0.12690845302955028,0.041111979982975944
0.6128417295139621,-0.12762774201907037,0.03981274847413724
0.6093060908419313,-0.12709773579440836,0.041758179861933586
0.6095131868427942,-0.1271609896889903,0.04169840593178764
0.6134177020566778,-0.1280024689484281,0.03850893994222859
0.6085903793444432,-0.1273376550277504,0.04213998666809837
0.6103194486154173,-0.12685503360616146,0.04091299825048844
0.6099219988585396,-0.12680009577597978,0.0412519755000903
0.6099574824673369,-0.126805224240954,0.04047106031165487
0.6095156340347143,-0.1270171204012846,0.04085358182934207
0.6121795322447279,-0.12718580271270172,0.038399975463088876
0.6128060824453709,-0.12705713925111434,0.03836100519742236
0.609964756944197,-0.12675753232536185,0.040600574636066866
0.609194788180687,-0.12648367357499843,0.04047246595953946
0.6081360897301769,-0.1267654457961744,0.04095485660879106
0.6096625710313919,-0.1270780269412458,0.04023995034201194
0.6084210119378002,-0.12692329614957248,0.0405631454668689
0.6090301046136373,-0.12709564094131648,0.03999536021667516
0.610375272110141,-0.12764384367468712,0.03928624541208625
0.6068744783686205,-0.12670453980662616,0.04124075423079121
0.6082235294934318,-0.127161825118196,0.04041136408207918
0.6070931285488728,-0.12648395820870853,0.04109982849433985
0.6080500974827129,-0.12703121963585084,0.04005472192904019
0.6079261329319008,-0.1270541737988782,0.04001142634037169
0.6064791650504151,-0.12709130769739363,0.04238324825613554
0.6083576054404813,-0.12732889144946027,0.04347107971541758
0.6111321257367112,-0.12798958093294582,0.04412277679345905
0.6125957294507209,-0.1290095709405833,0.04597037489517014
0.6125266516014425,-0.1291305690505478,0.048895045052593566
0.6144454247915311,-0.12933191615808137,0.047190459899833836
0.6138327757038262,-0.12946640623457606,0.04696313884781489
0.6121727730903677,-0.12898512987541688,0.048189866731084274
0.614347972117848,-0.12976169404884885,0.04697894998686897
0.6112312118687109,-0.12897949932186412,0.04863664246713956
0.6117423172707658,-0.12872973778870728,0.04750658216212267
0.6114479185909323,-0.1289563865274351,0.0485037739893725
0.6136214342074796,-0.12935890928103894,0.04685956533324909
0.6111002579066496,-0.1290747027278494,0.0480213688127199
0.6106395544325749,-0.12911706408719992,0.04829239030161003
0.6121711884219632,-0.129557941515057,0.04785809594626744
0.6152745761173662,-0.13014556753254264,0.046566273313938145
0.6126236566685991,-0.1295585797736791,0.048462053357787416
0.6084022431081159,-0.12805740486616723,0.05076490834506786
0.6154918606638206,-0.12994348085735513,0.0459878600897618
0.6117276610479447,-0.12920646934436067,0.04837625998108741
0.6119211567379278,-0.1290865566195017,0.04779190107343134
0.6125625400386588,-0.12933492652480824,0.04725710238722369
0.6161876150141551,-0.12997011229764144,0.04486920118153537
0.6116530076187336,-0.12907779838557198,0.04796460279458714
0.613742208504984,-0.12952708347918984,0.0465552670627985
0.6110193890790483,-0.1286600825718329,0.048393164365001184
0.614005069297195,-0.12937653246018296,0.04655333030473574
0.6122735154525949,-0.1291175359418008,0.04767217262119572
0.6133202223376993,-0.12895986234518364,0.046791813622755085
0.6100701318078793,-0.1285593302392529,0.04890200529644689
0.6125857438580392,-0.12892038786905874,0.0471283686646472
0.6107082423198512,-0.1284898402423187,0.04794555759372843
0.6133975536998161,-0.12912516264321647,0.04631296823526637
0.6157788050193771,-0.1296866925649916,0.04463218391507212
0.6121900830161977,-0.12925995923602607,0.047392361364114455
0.6137164747138927,-0.12958169813016257,0.04632529989666673
0.6143650040804154,-0.12944895620834607,0.045927365326131564
0.6126270917450035,-0.12924122595639634,0.047870287826409286
0.612478953612016,-0.12903040556370704,0.04714948194005103
0.6127737493236147,-0.12894382372350102,0.046692741336758714
0.6143123432973014,-0.12916010182874044,0.045985413665710184
0.6105198316809144,-0.1286837748499814,0.04792142189430865
0.6139859479534072,-0.12944048516447065,0.045909386960517995
0.6131844597798496,-0.12954863960219953,0.04679760107064013
0.6120099011715898,-0.12946497483496688,0.04820971564722293
0.6112360920776847,-0.12871220977710704,0.048365533489936
0.6178617616662135,-0.1300708925497766,0.043727351996443786
0.613411202795933,-0.1294040486162199,0.04701917918935067
0.6117186963592522,-0.12936113318850143,0.04844691037580573
0.6124398914899801,-0.12940970900524656,0.047757932024919014
0.6151984196229235,-0.13022238595356214,0.04633295522309505
0.6103413995959339,-0.1291119353557706,0.04993993545595343
0.6118408965204967,-0.12927377473400126,0.04867056573134909
0.614402420035678,-0.1298780720784664,0.04707905913183402
0.6127511886399419,-0.12875101772054523,0.04750033705872431
0.6156916219775114,-0.1295086119163306,0.04584011409879357
0.6114946467082121,-0.12867462124769674,0.04851522772202538
0.6131435847648422,-0.12884285114797536,0.04745071261438821
0.6128959021156495,-0.1284714605540646,0.047100445203555
0.6135484815583285,-0.12851778062923397,0.04659827894075963
0.6151622786296299,-0.12850742321208586,0.04522643303088364
0.612398600422968,-0.12787558812353284,0.04650427829367704
0.6128583002376338,-0.12780603242342342,0.046402080670423174
0.6132099022146679,-0.12816226813541642,0.045531975835545246
0.6107150385601368,-0.12754026022069953,0.04723856501021462
0.15331938804981649,0.05077086781201099,0.35282340732695905
0.16818519961540482,0.044660842240279816,0.3489054545403469
0.19081742314800612,0.07522226740034987,0.3456419665468688
0.19265253042947847,0.07389204964837036,0.3501666510510085
